,control,magnetisation,mag_se,beta_factor,gradient,samp_frac,snapshot_num
0,no con,-0.19425796768305048,7.91510341808117e-06,8.0,10.0,0.0001,0.0
1,unif,-0.17171402880129807,1.0764714784949534e-05,8.0,10.0,0.0001,0.0
2,snapshot,0.011985017916300455,1.9080996884372194e-05,8.0,10.0,0.0001,0.0
0,no con,-0.18840717328104928,1.6325562954378518e-05,8.0,10.0,0.0001,0.0
1,unif,-0.17186368061659119,6.174311313444403e-06,8.0,10.0,0.0001,0.0
2,snapshot,-0.0037466297072544117,2.976896506602699e-05,8.0,10.0,0.0001,0.0
0,no con,-0.18888280711243324,7.575045397463986e-06,8.0,10.0,0.0001,0.0
1,unif,-0.1782608207693868,1.4674894280555108e-05,8.0,10.0,0.0001,0.0
2,snapshot,-0.0014389426002298696,1.750375970641615e-05,8.0,10.0,0.0001,0.0
0,no con,-0.1891883510242715,9.809289975673929e-06,8.0,10.0,0.0001,0.0
1,unif,-0.17283394631870733,6.918561206484878e-06,8.0,10.0,0.0001,0.0
2,snapshot,-0.0040263268203637355,1.0249777777803483e-05,8.0,10.0,0.0001,0.0
0,no con,-0.18416192955175445,8.212023933405407e-06,8.0,10.0,0.0001,0.0
1,unif,-0.16989021026299778,1.819963002051059e-05,8.0,10.0,0.0001,0.0
2,snapshot,0.0006793049827597862,3.7148088169055374e-05,8.0,10.0,0.0001,0.0
0,no con,-0.1903166993441958,8.75661138678001e-06,8.0,10.0,0.0001,0.0
1,unif,-0.1722779190048002,6.852362489517838e-06,8.0,10.0,0.0001,0.0
2,snapshot,-0.004206639172469745,1.7446419971546243e-05,8.0,10.0,0.0001,0.0
0,no con,-0.18424166046920426,6.948230136310632e-06,8.0,10.0,0.0001,0.0
1,unif,-0.1696103035629775,1.272915827626745e-05,8.0,10.0,0.0001,0.0
2,snapshot,0.004824230951254141,2.2641863492911772e-05,8.0,10.0,0.0001,0.0
0,no con,-0.1926748090054763,6.8443620334529355e-06,8.0,10.0,0.0001,0.0
1,unif,-0.16850766682442025,1.1644629903204311e-05,8.0,10.0,0.0001,0.0
2,snapshot,0.007850774119396931,2.4065120813429645e-05,8.0,10.0,0.0001,0.0
0,no con,-0.19256920424582516,1.1238694029960763e-05,8.0,10.0,0.0001,0.0
1,unif,-0.17929459806639175,5.6098834995895364e-06,8.0,10.0,0.0001,0.0
2,snapshot,0.0009030491515110541,2.7246574925173898e-05,8.0,10.0,0.0001,0.0
0,no con,-0.19117063754986138,6.348012752733879e-06,8.0,10.0,0.0001,0.0
1,unif,-0.1706556149009533,8.88476629845458e-06,8.0,10.0,0.0001,0.0
2,snapshot,-0.0072560881617199655,2.6604507792962045e-05,8.0,10.0,0.0001,0.0
0,no con,-0.19117063754986138,6.348012752733879e-06,8.0,10.0,0.0001,1.0
1,unif,-0.1706556149009533,8.88476629845458e-06,8.0,10.0,0.0001,1.0
2,snapshot,-0.005416442431208167,1.2482696713440841e-05,8.0,10.0,0.0001,1.0
0,no con,-0.19117063754986138,6.348012752733879e-06,8.0,10.0,0.0001,1.0
1,unif,-0.1706556149009533,8.88476629845458e-06,8.0,10.0,0.0001,1.0
2,snapshot,-0.003036508687715503,1.4875305557772426e-05,8.0,10.0,0.0001,1.0
0,no con,-0.19117063754986138,6.348012752733879e-06,8.0,10.0,0.0001,1.0
1,unif,-0.1706556149009533,8.88476629845458e-06,8.0,10.0,0.0001,1.0
2,snapshot,-0.00896103035629775,4.708293474178055e-05,8.0,10.0,0.0001,1.0
0,no con,-0.19117063754986138,6.348012752733879e-06,8.0,10.0,0.0001,1.0
1,unif,-0.1706556149009533,8.88476629845458e-06,8.0,10.0,0.0001,1.0
2,snapshot,-0.0008709620715299844,3.1828784084557875e-05,8.0,10.0,0.0001,1.0
0,no con,-0.19117063754986138,6.348012752733879e-06,8.0,10.0,0.0001,1.0
1,unif,-0.1706556149009533,8.88476629845458e-06,8.0,10.0,0.0001,1.0
2,snapshot,0.013017483604894868,2.626838729181558e-05,8.0,10.0,0.0001,1.0
0,no con,-0.19117063754986138,6.348012752733879e-06,8.0,10.0,0.0001,1.0
1,unif,-0.1706556149009533,8.88476629845458e-06,8.0,10.0,0.0001,1.0
2,snapshot,0.0024271110810628084,1.542070727502397e-05,8.0,10.0,0.0001,1.0
0,no con,-0.19117063754986138,6.348012752733879e-06,8.0,10.0,0.0001,1.0
1,unif,-0.1706556149009533,8.88476629845458e-06,8.0,10.0,0.0001,1.0
2,snapshot,0.0006152930836319382,3.534306064597888e-05,8.0,10.0,0.0001,1.0
0,no con,-0.19117063754986138,6.348012752733879e-06,8.0,10.0,0.0001,1.0
1,unif,-0.1706556149009533,8.88476629845458e-06,8.0,10.0,0.0001,1.0
2,snapshot,-0.001969238050165641,2.8642271852186708e-05,8.0,10.0,0.0001,1.0
0,no con,-0.19117063754986138,6.348012752733879e-06,8.0,10.0,0.0001,1.0
1,unif,-0.1706556149009533,8.88476629845458e-06,8.0,10.0,0.0001,1.0
2,snapshot,0.002635318774930701,2.6358240809658825e-05,8.0,10.0,0.0001,1.0
0,no con,-0.19117063754986138,6.348012752733879e-06,8.0,10.0,0.0001,1.0
1,unif,-0.1706556149009533,8.88476629845458e-06,8.0,10.0,0.0001,1.0
2,snapshot,-0.003525616929213711,3.021401913488669e-05,8.0,10.0,0.0001,1.0
0,no con,-0.19117063754986138,6.348012752733879e-06,8.0,10.0,0.0001,2.0
1,unif,-0.1706556149009533,8.88476629845458e-06,8.0,10.0,0.0001,2.0
2,snapshot,0.001422986951524576,2.1477577233227225e-05,8.0,10.0,0.0001,2.0
0,no con,-0.19117063754986138,6.348012752733879e-06,8.0,10.0,0.0001,2.0
1,unif,-0.1706556149009533,8.88476629845458e-06,8.0,10.0,0.0001,2.0
2,snapshot,0.0004805760259617335,1.765732831269834e-05,8.0,10.0,0.0001,2.0
0,no con,-0.19117063754986138,6.348012752733879e-06,8.0,10.0,0.0001,2.0
1,unif,-0.1706556149009533,8.88476629845458e-06,8.0,10.0,0.0001,2.0
2,snapshot,-0.00018039348252315613,3.20004845606884e-05,8.0,10.0,0.0001,2.0
0,no con,-0.19117063754986138,6.348012752733879e-06,8.0,10.0,0.0001,2.0
1,unif,-0.1706556149009533,8.88476629845458e-06,8.0,10.0,0.0001,2.0
2,snapshot,-0.007288743154621053,1.730036975115141e-05,8.0,10.0,0.0001,2.0
0,no con,-0.19117063754986138,6.348012752733879e-06,8.0,10.0,0.0001,2.0
1,unif,-0.1706556149009533,8.88476629845458e-06,8.0,10.0,0.0001,2.0
2,snapshot,0.004981596917044148,3.2411567859684214e-05,8.0,10.0,0.0001,2.0
0,no con,-0.19117063754986138,6.348012752733879e-06,8.0,10.0,0.0001,2.0
1,unif,-0.1706556149009533,8.88476629845458e-06,8.0,10.0,0.0001,2.0
2,snapshot,0.006419674126157798,1.4190942724904559e-05,8.0,10.0,0.0001,2.0
0,no con,-0.19117063754986138,6.348012752733879e-06,8.0,10.0,0.0001,2.0
1,unif,-0.1706556149009533,8.88476629845458e-06,8.0,10.0,0.0001,2.0
2,snapshot,0.0016914204583868568,2.3995086149283182e-05,8.0,10.0,0.0001,2.0
0,no con,-0.19117063754986138,6.348012752733879e-06,8.0,10.0,0.0001,2.0
1,unif,-0.1706556149009533,8.88476629845458e-06,8.0,10.0,0.0001,2.0
2,snapshot,0.00032953823270907997,2.0139809147788077e-05,8.0,10.0,0.0001,2.0
0,no con,-0.19117063754986138,6.348012752733879e-06,8.0,10.0,0.0001,2.0
1,unif,-0.1706556149009533,8.88476629845458e-06,8.0,10.0,0.0001,2.0
2,snapshot,0.001500466499898587,1.4659283483290256e-05,8.0,10.0,0.0001,2.0
0,no con,-0.19117063754986138,6.348012752733879e-06,8.0,10.0,0.0001,2.0
1,unif,-0.1706556149009533,8.88476629845458e-06,8.0,10.0,0.0001,2.0
2,snapshot,-0.0015905077411939692,2.0936312232130664e-05,8.0,10.0,0.0001,2.0
0,no con,-0.19117063754986138,6.348012752733879e-06,8.0,10.0,0.0002782559402207126,0.0
1,unif,-0.1706556149009533,8.88476629845458e-06,8.0,10.0,0.0002782559402207126,0.0
2,snapshot,0.001846636468122507,1.8078505123883864e-05,8.0,10.0,0.0002782559402207126,0.0
0,no con,-0.19117063754986138,6.348012752733879e-06,8.0,10.0,0.0002782559402207126,0.0
1,unif,-0.1706556149009533,8.88476629845458e-06,8.0,10.0,0.0002782559402207126,0.0
2,snapshot,0.004686038807382867,2.3980929395967424e-05,8.0,10.0,0.0002782559402207126,0.0
0,no con,-0.19117063754986138,6.348012752733879e-06,8.0,10.0,0.0002782559402207126,0.0
1,unif,-0.1706556149009533,8.88476629845458e-06,8.0,10.0,0.0002782559402207126,0.0
2,snapshot,-0.0040946386316002975,2.046119425048256e-05,8.0,10.0,0.0002782559402207126,0.0
0,no con,-0.19117063754986138,6.348012752733879e-06,8.0,10.0,0.0002782559402207126,0.0
1,unif,-0.1706556149009533,8.88476629845458e-06,8.0,10.0,0.0002782559402207126,0.0
2,snapshot,-0.002438874991548915,1.60856897617089e-05,8.0,10.0,0.0002782559402207126,0.0
0,no con,-0.19117063754986138,6.348012752733879e-06,8.0,10.0,0.0002782559402207126,0.0
1,unif,-0.1706556149009533,8.88476629845458e-06,8.0,10.0,0.0002782559402207126,0.0
2,snapshot,0.004931120275843418,1.7103263562211632e-05,8.0,10.0,0.0002782559402207126,0.0
0,no con,-0.19117063754986138,6.348012752733879e-06,8.0,10.0,0.0002782559402207126,0.0
1,unif,-0.1706556149009533,8.88476629845458e-06,8.0,10.0,0.0002782559402207126,0.0
2,snapshot,0.0065905212629301605,1.3850713536428613e-05,8.0,10.0,0.0002782559402207126,0.0
0,no con,-0.19117063754986138,6.348012752733879e-06,8.0,10.0,0.0002782559402207126,0.0
1,unif,-0.1706556149009533,8.88476629845458e-06,8.0,10.0,0.0002782559402207126,0.0
2,snapshot,-0.0018218916908931107,1.747897798751306e-05,8.0,10.0,0.0002782559402207126,0.0
0,no con,-0.19117063754986138,6.348012752733879e-06,8.0,10.0,0.0002782559402207126,0.0
1,unif,-0.1706556149009533,8.88476629845458e-06,8.0,10.0,0.0002782559402207126,0.0
2,snapshot,-0.0007364072746940707,1.5967466647552256e-05,8.0,10.0,0.0002782559402207126,0.0
0,no con,-0.19117063754986138,6.348012752733879e-06,8.0,10.0,0.0002782559402207126,0.0
1,unif,-0.1706556149009533,8.88476629845458e-06,8.0,10.0,0.0002782559402207126,0.0
2,snapshot,0.00014475018592387267,2.1333371421363118e-05,8.0,10.0,0.0002782559402207126,0.0
0,no con,-0.19117063754986138,6.348012752733879e-06,8.0,10.0,0.0002782559402207126,0.0
1,unif,-0.1706556149009533,8.88476629845458e-06,8.0,10.0,0.0002782559402207126,0.0
2,snapshot,0.005353809749171794,1.4031015928362728e-05,8.0,10.0,0.0002782559402207126,0.0
0,no con,-0.19117063754986138,6.348012752733879e-06,8.0,10.0,0.0002782559402207126,1.0
1,unif,-0.1706556149009533,8.88476629845458e-06,8.0,10.0,0.0002782559402207126,1.0
2,snapshot,-0.16394771820701778,1.1700842463690357e-05,8.0,10.0,0.0002782559402207126,1.0
0,no con,-0.19117063754986138,6.348012752733879e-06,8.0,10.0,0.0002782559402207126,1.0
1,unif,-0.1706556149009533,8.88476629845458e-06,8.0,10.0,0.0002782559402207126,1.0
2,snapshot,-0.16235906294368196,1.1898788951326338e-05,8.0,10.0,0.0002782559402207126,1.0
0,no con,-0.19117063754986138,6.348012752733879e-06,8.0,10.0,0.0002782559402207126,1.0
1,unif,-0.1706556149009533,8.88476629845458e-06,8.0,10.0,0.0002782559402207126,1.0
2,snapshot,-0.17150905280237982,8.992355086508445e-06,8.0,10.0,0.0002782559402207126,1.0
0,no con,-0.19117063754986138,6.348012752733879e-06,8.0,10.0,0.0002782559402207126,1.0
1,unif,-0.1706556149009533,8.88476629845458e-06,8.0,10.0,0.0002782559402207126,1.0
2,snapshot,-0.15785911026975863,9.83821910584973e-06,8.0,10.0,0.0002782559402207126,1.0
0,no con,-0.19117063754986138,6.348012752733879e-06,8.0,10.0,0.0002782559402207126,1.0
1,unif,-0.1706556149009533,8.88476629845458e-06,8.0,10.0,0.0002782559402207126,1.0
2,snapshot,-0.16543836792644173,2.011810611708853e-05,8.0,10.0,0.0002782559402207126,1.0
0,no con,-0.19117063754986138,6.348012752733879e-06,8.0,10.0,0.0002782559402207126,1.0
1,unif,-0.1706556149009533,8.88476629845458e-06,8.0,10.0,0.0002782559402207126,1.0
2,snapshot,-0.16502072206071258,2.1313688096291206e-05,8.0,10.0,0.0002782559402207126,1.0
0,no con,-0.19117063754986138,6.348012752733879e-06,8.0,10.0,0.0002782559402207126,1.0
1,unif,-0.1706556149009533,8.88476629845458e-06,8.0,10.0,0.0002782559402207126,1.0
2,snapshot,-0.15924031505645325,6.996951654294995e-06,8.0,10.0,0.0002782559402207126,1.0
0,no con,-0.19117063754986138,6.348012752733879e-06,8.0,10.0,0.0002782559402207126,1.0
1,unif,-0.1706556149009533,8.88476629845458e-06,8.0,10.0,0.0002782559402207126,1.0
2,snapshot,-0.16711247380163613,9.331691429077734e-06,8.0,10.0,0.0002782559402207126,1.0
0,no con,-0.19117063754986138,6.348012752733879e-06,8.0,10.0,0.0002782559402207126,1.0
1,unif,-0.1706556149009533,8.88476629845458e-06,8.0,10.0,0.0002782559402207126,1.0
2,snapshot,-0.16892103982151307,4.986006860454421e-06,8.0,10.0,0.0002782559402207126,1.0
0,no con,-0.19117063754986138,6.348012752733879e-06,8.0,10.0,0.0002782559402207126,1.0
1,unif,-0.1706556149009533,8.88476629845458e-06,8.0,10.0,0.0002782559402207126,1.0
2,snapshot,-0.15527422080995198,1.175390682195524e-05,8.0,10.0,0.0002782559402207126,1.0
0,no con,-0.19117063754986138,6.348012752733879e-06,8.0,10.0,0.0002782559402207126,2.0
1,unif,-0.1706556149009533,8.88476629845458e-06,8.0,10.0,0.0002782559402207126,2.0
2,snapshot,-0.1651156649313772,1.207036487235086e-05,8.0,10.0,0.0002782559402207126,2.0
0,no con,-0.19117063754986138,6.348012752733879e-06,8.0,10.0,0.0002782559402207126,2.0
1,unif,-0.1706556149009533,8.88476629845458e-06,8.0,10.0,0.0002782559402207126,2.0
2,snapshot,-0.16620049354337096,6.275069130383677e-06,8.0,10.0,0.0002782559402207126,2.0
0,no con,-0.19117063754986138,6.348012752733879e-06,8.0,10.0,0.0002782559402207126,2.0
1,unif,-0.1706556149009533,8.88476629845458e-06,8.0,10.0,0.0002782559402207126,2.0
2,snapshot,-0.16395877898722197,6.612080613774117e-06,8.0,10.0,0.0002782559402207126,2.0
0,no con,-0.19117063754986138,6.348012752733879e-06,8.0,10.0,0.0002782559402207126,2.0
1,unif,-0.1706556149009533,8.88476629845458e-06,8.0,10.0,0.0002782559402207126,2.0
2,snapshot,-0.1569718274626462,8.811990204746578e-06,8.0,10.0,0.0002782559402207126,2.0
0,no con,-0.19117063754986138,6.348012752733879e-06,8.0,10.0,0.0002782559402207126,2.0
1,unif,-0.1706556149009533,8.88476629845458e-06,8.0,10.0,0.0002782559402207126,2.0
2,snapshot,-0.1550028192819958,7.327440737080705e-06,8.0,10.0,0.0002782559402207126,2.0
0,no con,-0.19117063754986138,6.348012752733879e-06,8.0,10.0,0.0002782559402207126,2.0
1,unif,-0.1706556149009533,8.88476629845458e-06,8.0,10.0,0.0002782559402207126,2.0
2,snapshot,-0.1633979176526266,1.3838494385719204e-05,8.0,10.0,0.0002782559402207126,2.0
0,no con,-0.19117063754986138,6.348012752733879e-06,8.0,10.0,0.0002782559402207126,2.0
1,unif,-0.1706556149009533,8.88476629845458e-06,8.0,10.0,0.0002782559402207126,2.0
2,snapshot,-0.1569953823270908,1.9326815399834016e-05,8.0,10.0,0.0002782559402207126,2.0
0,no con,-0.19117063754986138,6.348012752733879e-06,8.0,10.0,0.0002782559402207126,2.0
1,unif,-0.1706556149009533,8.88476629845458e-06,8.0,10.0,0.0002782559402207126,2.0
2,snapshot,-0.16371882225677778,1.8346853567075585e-05,8.0,10.0,0.0002782559402207126,2.0
0,no con,-0.19117063754986138,6.348012752733879e-06,8.0,10.0,0.0002782559402207126,2.0
1,unif,-0.1706556149009533,8.88476629845458e-06,8.0,10.0,0.0002782559402207126,2.0
2,snapshot,-0.16489173145831929,4.951619316819306e-06,8.0,10.0,0.0002782559402207126,2.0
0,no con,-0.19117063754986138,6.348012752733879e-06,8.0,10.0,0.0002782559402207126,2.0
1,unif,-0.1706556149009533,8.88476629845458e-06,8.0,10.0,0.0002782559402207126,2.0
2,snapshot,-0.15270696369413833,5.319784394353281e-06,8.0,10.0,0.0002782559402207126,2.0
0,no con,-0.19117063754986138,6.348012752733879e-06,8.0,10.0,0.000774263682681127,0.0
1,unif,-0.1706556149009533,8.88476629845458e-06,8.0,10.0,0.000774263682681127,0.0
2,snapshot,-0.1586675140288013,7.754601184311162e-06,8.0,10.0,0.000774263682681127,0.0
0,no con,-0.19117063754986138,6.348012752733879e-06,8.0,10.0,0.000774263682681127,0.0
1,unif,-0.1706556149009533,8.88476629845458e-06,8.0,10.0,0.000774263682681127,0.0
2,snapshot,-0.15933681968764787,8.253830846069448e-06,8.0,10.0,0.000774263682681127,0.0
0,no con,-0.19117063754986138,6.348012752733879e-06,8.0,10.0,0.000774263682681127,0.0
1,unif,-0.1706556149009533,8.88476629845458e-06,8.0,10.0,0.000774263682681127,0.0
2,snapshot,-0.16132957203704953,7.0475888861101285e-06,8.0,10.0,0.000774263682681127,0.0
0,no con,-0.19117063754986138,6.348012752733879e-06,8.0,10.0,0.000774263682681127,0.0
1,unif,-0.1706556149009533,8.88476629845458e-06,8.0,10.0,0.000774263682681127,0.0
2,snapshot,-0.16454567642485293,7.254718006820796e-06,8.0,10.0,0.000774263682681127,0.0
0,no con,-0.19117063754986138,6.348012752733879e-06,8.0,10.0,0.000774263682681127,0.0
1,unif,-0.1706556149009533,8.88476629845458e-06,8.0,10.0,0.000774263682681127,0.0
2,snapshot,-0.15918165100398893,1.2387737320486098e-05,8.0,10.0,0.000774263682681127,0.0
0,no con,-0.19117063754986138,6.348012752733879e-06,8.0,10.0,0.000774263682681127,0.0
1,unif,-0.1706556149009533,8.88476629845458e-06,8.0,10.0,0.000774263682681127,0.0
2,snapshot,-0.16874209992563047,6.9947418680064705e-06,8.0,10.0,0.000774263682681127,0.0
0,no con,-0.19117063754986138,6.348012752733879e-06,8.0,10.0,0.000774263682681127,0.0
1,unif,-0.1706556149009533,8.88476629845458e-06,8.0,10.0,0.000774263682681127,0.0
2,snapshot,-0.16654055844770468,1.2263175923099535e-05,8.0,10.0,0.000774263682681127,0.0
0,no con,-0.19117063754986138,6.348012752733879e-06,8.0,10.0,0.000774263682681127,0.0
1,unif,-0.1706556149009533,8.88476629845458e-06,8.0,10.0,0.000774263682681127,0.0
2,snapshot,-0.16238519369887092,7.588134168938604e-06,8.0,10.0,0.000774263682681127,0.0
0,no con,-0.19117063754986138,6.348012752733879e-06,8.0,10.0,0.000774263682681127,0.0
1,unif,-0.1706556149009533,8.88476629845458e-06,8.0,10.0,0.000774263682681127,0.0
2,snapshot,-0.1635287607328781,7.45047292388439e-06,8.0,10.0,0.000774263682681127,0.0
0,no con,-0.19117063754986138,6.348012752733879e-06,8.0,10.0,0.000774263682681127,0.0
1,unif,-0.1706556149009533,8.88476629845458e-06,8.0,10.0,0.000774263682681127,0.0
2,snapshot,-0.1609737881143939,1.0331798965000257e-05,8.0,10.0,0.000774263682681127,0.0
0,no con,-0.19117063754986138,6.348012752733879e-06,8.0,10.0,0.000774263682681127,1.0
1,unif,-0.1706556149009533,8.88476629845458e-06,8.0,10.0,0.000774263682681127,1.0
2,snapshot,-0.17251481982286526,7.868917349489452e-06,8.0,10.0,0.000774263682681127,1.0
0,no con,-0.19117063754986138,6.348012752733879e-06,8.0,10.0,0.000774263682681127,1.0
1,unif,-0.1706556149009533,8.88476629845458e-06,8.0,10.0,0.000774263682681127,1.0
2,snapshot,-0.15627115813670475,1.0264172249428744e-05,8.0,10.0,0.000774263682681127,1.0
0,no con,-0.19117063754986138,6.348012752733879e-06,8.0,10.0,0.000774263682681127,1.0
1,unif,-0.1706556149009533,8.88476629845458e-06,8.0,10.0,0.000774263682681127,1.0
2,snapshot,-0.1641202826042864,8.38422253040487e-06,8.0,10.0,0.000774263682681127,1.0
0,no con,-0.19117063754986138,6.348012752733879e-06,8.0,10.0,0.000774263682681127,1.0
1,unif,-0.1706556149009533,8.88476629845458e-06,8.0,10.0,0.000774263682681127,1.0
2,snapshot,-0.16558252315597322,7.664545558923361e-06,8.0,10.0,0.000774263682681127,1.0
0,no con,-0.19117063754986138,6.348012752733879e-06,8.0,10.0,0.000774263682681127,1.0
1,unif,-0.1706556149009533,8.88476629845458e-06,8.0,10.0,0.000774263682681127,1.0
2,snapshot,-0.16558110337367316,1.2780675266498496e-05,8.0,10.0,0.000774263682681127,1.0
0,no con,-0.19117063754986138,6.348012752733879e-06,8.0,10.0,0.000774263682681127,1.0
1,unif,-0.1706556149009533,8.88476629845458e-06,8.0,10.0,0.000774263682681127,1.0
2,snapshot,-0.1619000270434724,1.1769147751123409e-05,8.0,10.0,0.000774263682681127,1.0
0,no con,-0.19117063754986138,6.348012752733879e-06,8.0,10.0,0.000774263682681127,1.0
1,unif,-0.1706556149009533,8.88476629845458e-06,8.0,10.0,0.000774263682681127,1.0
2,snapshot,-0.16393047799337435,9.84605047395521e-06,8.0,10.0,0.000774263682681127,1.0
0,no con,-0.19117063754986138,6.348012752733879e-06,8.0,10.0,0.000774263682681127,1.0
1,unif,-0.1706556149009533,8.88476629845458e-06,8.0,10.0,0.000774263682681127,1.0
2,snapshot,-0.1561969102832804,1.2552097350712211e-05,8.0,10.0,0.000774263682681127,1.0
0,no con,-0.19117063754986138,6.348012752733879e-06,8.0,10.0,0.000774263682681127,1.0
1,unif,-0.1706556149009533,8.88476629845458e-06,8.0,10.0,0.000774263682681127,1.0
2,snapshot,-0.15692806436346426,1.023436858175342e-05,8.0,10.0,0.000774263682681127,1.0
0,no con,-0.19117063754986138,6.348012752733879e-06,8.0,10.0,0.000774263682681127,1.0
1,unif,-0.1706556149009533,8.88476629845458e-06,8.0,10.0,0.000774263682681127,1.0
2,snapshot,-0.1612776620918126,1.600605894985202e-05,8.0,10.0,0.000774263682681127,1.0
0,no con,-0.19117063754986138,6.348012752733879e-06,8.0,10.0,0.000774263682681127,2.0
1,unif,-0.1706556149009533,8.88476629845458e-06,8.0,10.0,0.000774263682681127,2.0
2,snapshot,-0.17109791765262658,9.062710086961033e-06,8.0,10.0,0.000774263682681127,2.0
0,no con,-0.19117063754986138,6.348012752733879e-06,8.0,10.0,0.000774263682681127,2.0
1,unif,-0.1706556149009533,8.88476629845458e-06,8.0,10.0,0.000774263682681127,2.0
2,snapshot,-0.1616520316408627,1.1659706929807593e-05,8.0,10.0,0.000774263682681127,2.0
0,no con,-0.19117063754986138,6.348012752733879e-06,8.0,10.0,0.000774263682681127,2.0
1,unif,-0.1706556149009533,8.88476629845458e-06,8.0,10.0,0.000774263682681127,2.0
2,snapshot,-0.16995787979176524,7.111387371021553e-06,8.0,10.0,0.000774263682681127,2.0
0,no con,-0.19117063754986138,6.348012752733879e-06,8.0,10.0,0.000774263682681127,2.0
1,unif,-0.1706556149009533,8.88476629845458e-06,8.0,10.0,0.000774263682681127,2.0
2,snapshot,-0.15708939895882632,1.679034863977777e-05,8.0,10.0,0.000774263682681127,2.0
0,no con,-0.19117063754986138,6.348012752733879e-06,8.0,10.0,0.000774263682681127,2.0
1,unif,-0.1706556149009533,8.88476629845458e-06,8.0,10.0,0.000774263682681127,2.0
2,snapshot,-0.16182517747278752,7.736020746261048e-06,8.0,10.0,0.000774263682681127,2.0
0,no con,-0.19117063754986138,6.348012752733879e-06,8.0,10.0,0.000774263682681127,2.0
1,unif,-0.1706556149009533,8.88476629845458e-06,8.0,10.0,0.000774263682681127,2.0
2,snapshot,-0.16677540396186868,1.1534811415565621e-05,8.0,10.0,0.000774263682681127,2.0
0,no con,-0.19117063754986138,6.348012752733879e-06,8.0,10.0,0.000774263682681127,2.0
1,unif,-0.1706556149009533,8.88476629845458e-06,8.0,10.0,0.000774263682681127,2.0
2,snapshot,-0.1680695896153066,8.099695301108921e-06,8.0,10.0,0.000774263682681127,2.0
0,no con,-0.19117063754986138,6.348012752733879e-06,8.0,10.0,0.000774263682681127,2.0
1,unif,-0.1706556149009533,8.88476629845458e-06,8.0,10.0,0.000774263682681127,2.0
2,snapshot,-0.16914180244743426,1.784023398372545e-05,8.0,10.0,0.000774263682681127,2.0
0,no con,-0.19117063754986138,6.348012752733879e-06,8.0,10.0,0.000774263682681127,2.0
1,unif,-0.1706556149009533,8.88476629845458e-06,8.0,10.0,0.000774263682681127,2.0
2,snapshot,-0.16705269420593605,5.428601146410794e-06,8.0,10.0,0.000774263682681127,2.0
0,no con,-0.19117063754986138,6.348012752733879e-06,8.0,10.0,0.000774263682681127,2.0
1,unif,-0.1706556149009533,8.88476629845458e-06,8.0,10.0,0.000774263682681127,2.0
2,snapshot,-0.1668448651206815,1.915675290409953e-05,8.0,10.0,0.000774263682681127,2.0
0,no con,-0.19117063754986138,6.348012752733879e-06,8.0,10.0,0.002154434690031882,0.0
1,unif,-0.1706556149009533,8.88476629845458e-06,8.0,10.0,0.002154434690031882,0.0
2,snapshot,-0.17786835913731325,6.294718131561804e-06,8.0,10.0,0.002154434690031882,0.0
0,no con,-0.19117063754986138,6.348012752733879e-06,8.0,10.0,0.002154434690031882,0.0
1,unif,-0.1706556149009533,8.88476629845458e-06,8.0,10.0,0.002154434690031882,0.0
2,snapshot,-0.17058436211209518,8.014504126071798e-06,8.0,10.0,0.002154434690031882,0.0
0,no con,-0.19117063754986138,6.348012752733879e-06,8.0,10.0,0.002154434690031882,0.0
1,unif,-0.1706556149009533,8.88476629845458e-06,8.0,10.0,0.002154434690031882,0.0
2,snapshot,-0.16832458251639512,1.815262749655578e-05,8.0,10.0,0.002154434690031882,0.0
0,no con,-0.19117063754986138,6.348012752733879e-06,8.0,10.0,0.002154434690031882,0.0
1,unif,-0.1706556149009533,8.88476629845458e-06,8.0,10.0,0.002154434690031882,0.0
2,snapshot,-0.174667635724427,1.0570801912292831e-05,8.0,10.0,0.002154434690031882,0.0
0,no con,-0.19117063754986138,6.348012752733879e-06,8.0,10.0,0.002154434690031882,0.0
1,unif,-0.1706556149009533,8.88476629845458e-06,8.0,10.0,0.002154434690031882,0.0
2,snapshot,-0.16630632817253735,1.447275462758624e-05,8.0,10.0,0.002154434690031882,0.0
0,no con,-0.19117063754986138,6.348012752733879e-06,8.0,10.0,0.002154434690031882,0.0
1,unif,-0.1706556149009533,8.88476629845458e-06,8.0,10.0,0.002154434690031882,0.0
2,snapshot,-0.17419691028328038,1.0648615041969692e-05,8.0,10.0,0.002154434690031882,0.0
0,no con,-0.19117063754986138,6.348012752733879e-06,8.0,10.0,0.002154434690031882,0.0
1,unif,-0.1706556149009533,8.88476629845458e-06,8.0,10.0,0.002154434690031882,0.0
2,snapshot,-0.17400135893448718,9.145006938480313e-06,8.0,10.0,0.002154434690031882,0.0
0,no con,-0.19117063754986138,6.348012752733879e-06,8.0,10.0,0.002154434690031882,0.0
1,unif,-0.1706556149009533,8.88476629845458e-06,8.0,10.0,0.002154434690031882,0.0
2,snapshot,-0.1714858224596038,6.62267546074365e-06,8.0,10.0,0.002154434690031882,0.0
0,no con,-0.19117063754986138,6.348012752733879e-06,8.0,10.0,0.002154434690031882,0.0
1,unif,-0.1706556149009533,8.88476629845458e-06,8.0,10.0,0.002154434690031882,0.0
2,snapshot,-0.17374088973024135,8.0086336536153e-06,8.0,10.0,0.002154434690031882,0.0
0,no con,-0.19117063754986138,6.348012752733879e-06,8.0,10.0,0.002154434690031882,0.0
1,unif,-0.1706556149009533,8.88476629845458e-06,8.0,10.0,0.002154434690031882,0.0
2,snapshot,-0.172878115069975,2.126579791733097e-05,8.0,10.0,0.002154434690031882,0.0
0,no con,-0.19117063754986138,6.348012752733879e-06,8.0,10.0,0.002154434690031882,1.0
1,unif,-0.1706556149009533,8.88476629845458e-06,8.0,10.0,0.002154434690031882,1.0
2,snapshot,-0.17399387465350552,1.0669712822708224e-05,8.0,10.0,0.002154434690031882,1.0
0,no con,-0.19117063754986138,6.348012752733879e-06,8.0,10.0,0.002154434690031882,1.0
1,unif,-0.1706556149009533,8.88476629845458e-06,8.0,10.0,0.002154434690031882,1.0
2,snapshot,-0.17143130281928198,9.025581892278037e-06,8.0,10.0,0.002154434690031882,1.0
0,no con,-0.19117063754986138,6.348012752733879e-06,8.0,10.0,0.002154434690031882,1.0
1,unif,-0.1706556149009533,8.88476629845458e-06,8.0,10.0,0.002154434690031882,1.0
2,snapshot,-0.16751748360489488,7.17892213966462e-06,8.0,10.0,0.002154434690031882,1.0
0,no con,-0.19117063754986138,6.348012752733879e-06,8.0,10.0,0.002154434690031882,1.0
1,unif,-0.1706556149009533,8.88476629845458e-06,8.0,10.0,0.002154434690031882,1.0
2,snapshot,-0.17866925833276992,6.887555166840482e-06,8.0,10.0,0.002154434690031882,1.0
0,no con,-0.19117063754986138,6.348012752733879e-06,8.0,10.0,0.002154434690031882,1.0
1,unif,-0.1706556149009533,8.88476629845458e-06,8.0,10.0,0.002154434690031882,1.0
2,snapshot,-0.18045911703062673,1.2075423870771172e-05,8.0,10.0,0.002154434690031882,1.0
0,no con,-0.19117063754986138,6.348012752733879e-06,8.0,10.0,0.002154434690031882,1.0
1,unif,-0.1706556149009533,8.88476629845458e-06,8.0,10.0,0.002154434690031882,1.0
2,snapshot,-0.16939514569670747,1.5780334259067692e-05,8.0,10.0,0.002154434690031882,1.0
0,no con,-0.19117063754986138,6.348012752733879e-06,8.0,10.0,0.002154434690031882,1.0
1,unif,-0.1706556149009533,8.88476629845458e-06,8.0,10.0,0.002154434690031882,1.0
2,snapshot,-0.16999603813129607,8.402864179159266e-06,8.0,10.0,0.002154434690031882,1.0
0,no con,-0.19117063754986138,6.348012752733879e-06,8.0,10.0,0.002154434690031882,1.0
1,unif,-0.1706556149009533,8.88476629845458e-06,8.0,10.0,0.002154434690031882,1.0
2,snapshot,-0.16901918734365493,8.768385534931098e-06,8.0,10.0,0.002154434690031882,1.0
0,no con,-0.19117063754986138,6.348012752733879e-06,8.0,10.0,0.002154434690031882,1.0
1,unif,-0.1706556149009533,8.88476629845458e-06,8.0,10.0,0.002154434690031882,1.0
2,snapshot,-0.1710976472179028,8.144681853453885e-06,8.0,10.0,0.002154434690031882,1.0
0,no con,-0.19117063754986138,6.348012752733879e-06,8.0,10.0,0.002154434690031882,1.0
1,unif,-0.1706556149009533,8.88476629845458e-06,8.0,10.0,0.002154434690031882,1.0
2,snapshot,-0.169343695490501,1.1070315124801164e-05,8.0,10.0,0.002154434690031882,1.0
0,no con,-0.19117063754986138,6.348012752733879e-06,8.0,10.0,0.002154434690031882,2.0
1,unif,-0.1706556149009533,8.88476629845458e-06,8.0,10.0,0.002154434690031882,2.0
2,snapshot,-0.17108150902575892,1.4961100758416817e-05,8.0,10.0,0.002154434690031882,2.0
0,no con,-0.19117063754986138,6.348012752733879e-06,8.0,10.0,0.002154434690031882,2.0
1,unif,-0.1706556149009533,8.88476629845458e-06,8.0,10.0,0.002154434690031882,2.0
2,snapshot,-0.16784519640321816,1.0824683406289338e-05,8.0,10.0,0.002154434690031882,2.0
0,no con,-0.19117063754986138,6.348012752733879e-06,8.0,10.0,0.002154434690031882,2.0
1,unif,-0.1706556149009533,8.88476629845458e-06,8.0,10.0,0.002154434690031882,2.0
2,snapshot,-0.16733410857954162,1.367426984463158e-05,8.0,10.0,0.002154434690031882,2.0
0,no con,-0.19117063754986138,6.348012752733879e-06,8.0,10.0,0.002154434690031882,2.0
1,unif,-0.1706556149009533,8.88476629845458e-06,8.0,10.0,0.002154434690031882,2.0
2,snapshot,-0.16245412750997226,1.1703519344152945e-05,8.0,10.0,0.002154434690031882,2.0
0,no con,-0.19117063754986138,6.348012752733879e-06,8.0,10.0,0.002154434690031882,2.0
1,unif,-0.1706556149009533,8.88476629845458e-06,8.0,10.0,0.002154434690031882,2.0
2,snapshot,-0.1688517409235346,8.815181845209327e-06,8.0,10.0,0.002154434690031882,2.0
0,no con,-0.19117063754986138,6.348012752733879e-06,8.0,10.0,0.002154434690031882,2.0
1,unif,-0.1706556149009533,8.88476629845458e-06,8.0,10.0,0.002154434690031882,2.0
2,snapshot,-0.1702344398620783,9.714592360372885e-06,8.0,10.0,0.002154434690031882,2.0
0,no con,-0.19117063754986138,6.348012752733879e-06,8.0,10.0,0.002154434690031882,2.0
1,unif,-0.1706556149009533,8.88476629845458e-06,8.0,10.0,0.002154434690031882,2.0
2,snapshot,-0.16943337840578732,1.0831620273929736e-05,8.0,10.0,0.002154434690031882,2.0
0,no con,-0.19117063754986138,6.348012752733879e-06,8.0,10.0,0.002154434690031882,2.0
1,unif,-0.1706556149009533,8.88476629845458e-06,8.0,10.0,0.002154434690031882,2.0
2,snapshot,-0.1630077614765736,4.865331030957622e-06,8.0,10.0,0.002154434690031882,2.0
0,no con,-0.19117063754986138,6.348012752733879e-06,8.0,10.0,0.002154434690031882,2.0
1,unif,-0.1706556149009533,8.88476629845458e-06,8.0,10.0,0.002154434690031882,2.0
2,snapshot,-0.16713339868839158,1.0508575964121569e-05,8.0,10.0,0.002154434690031882,2.0
0,no con,-0.19117063754986138,6.348012752733879e-06,8.0,10.0,0.002154434690031882,2.0
1,unif,-0.1706556149009533,8.88476629845458e-06,8.0,10.0,0.002154434690031882,2.0
2,snapshot,-0.16658131296058415,7.404203703880704e-06,8.0,10.0,0.002154434690031882,2.0
0,no con,-0.19117063754986138,6.348012752733879e-06,8.0,10.0,0.005994842503189409,0.0
1,unif,-0.1706556149009533,8.88476629845458e-06,8.0,10.0,0.005994842503189409,0.0
2,snapshot,-0.16871335947535665,7.582472375740777e-06,8.0,10.0,0.005994842503189409,0.0
0,no con,-0.19117063754986138,6.348012752733879e-06,8.0,10.0,0.005994842503189409,0.0
1,unif,-0.1706556149009533,8.88476629845458e-06,8.0,10.0,0.005994842503189409,0.0
2,snapshot,-0.17088115069974982,1.352855332738854e-05,8.0,10.0,0.005994842503189409,0.0
0,no con,-0.19117063754986138,6.348012752733879e-06,8.0,10.0,0.005994842503189409,0.0
1,unif,-0.1706556149009533,8.88476629845458e-06,8.0,10.0,0.005994842503189409,0.0
2,snapshot,-0.1686437901426543,6.332949862545337e-06,8.0,10.0,0.005994842503189409,0.0
0,no con,-0.19117063754986138,6.348012752733879e-06,8.0,10.0,0.005994842503189409,0.0
1,unif,-0.1706556149009533,8.88476629845458e-06,8.0,10.0,0.005994842503189409,0.0
2,snapshot,-0.1761269623419647,8.369239445248147e-06,8.0,10.0,0.005994842503189409,0.0
0,no con,-0.19117063754986138,6.348012752733879e-06,8.0,10.0,0.005994842503189409,0.0
1,unif,-0.1706556149009533,8.88476629845458e-06,8.0,10.0,0.005994842503189409,0.0
2,snapshot,-0.1750192414305997,2.5751538159480345e-05,8.0,10.0,0.005994842503189409,0.0
0,no con,-0.19117063754986138,6.348012752733879e-06,8.0,10.0,0.005994842503189409,0.0
1,unif,-0.1706556149009533,8.88476629845458e-06,8.0,10.0,0.005994842503189409,0.0
2,snapshot,-0.16962764518964235,7.998541005432258e-06,8.0,10.0,0.005994842503189409,0.0
0,no con,-0.19117063754986138,6.348012752733879e-06,8.0,10.0,0.005994842503189409,0.0
1,unif,-0.1706556149009533,8.88476629845458e-06,8.0,10.0,0.005994842503189409,0.0
2,snapshot,-0.172,5.592841621773428e-06,8.0,10.0,0.005994842503189409,0.0
0,no con,-0.19117063754986138,6.348012752733879e-06,8.0,10.0,0.005994842503189409,0.0
1,unif,-0.1706556149009533,8.88476629845458e-06,8.0,10.0,0.005994842503189409,0.0
2,snapshot,-0.16217159759313096,1.0609191355492249e-05,8.0,10.0,0.005994842503189409,0.0
0,no con,-0.19117063754986138,6.348012752733879e-06,8.0,10.0,0.005994842503189409,0.0
1,unif,-0.1706556149009533,8.88476629845458e-06,8.0,10.0,0.005994842503189409,0.0
2,snapshot,-0.17283469001419782,5.451653045923016e-06,8.0,10.0,0.005994842503189409,0.0
0,no con,-0.19117063754986138,6.348012752733879e-06,8.0,10.0,0.005994842503189409,0.0
1,unif,-0.1706556149009533,8.88476629845458e-06,8.0,10.0,0.005994842503189409,0.0
2,snapshot,-0.17091836927861537,1.9927814468332517e-05,8.0,10.0,0.005994842503189409,0.0
0,no con,-0.19117063754986138,6.348012752733879e-06,8.0,10.0,0.005994842503189409,1.0
1,unif,-0.1706556149009533,8.88476629845458e-06,8.0,10.0,0.005994842503189409,1.0
2,snapshot,-0.1708924143059969,1.0679872544841835e-05,8.0,10.0,0.005994842503189409,1.0
0,no con,-0.19117063754986138,6.348012752733879e-06,8.0,10.0,0.005994842503189409,1.0
1,unif,-0.1706556149009533,8.88476629845458e-06,8.0,10.0,0.005994842503189409,1.0
2,snapshot,-0.17281509025758907,1.3331684799087924e-05,8.0,10.0,0.005994842503189409,1.0
0,no con,-0.19117063754986138,6.348012752733879e-06,8.0,10.0,0.005994842503189409,1.0
1,unif,-0.1706556149009533,8.88476629845458e-06,8.0,10.0,0.005994842503189409,1.0
2,snapshot,-0.17345757555270097,1.2142860469060325e-05,8.0,10.0,0.005994842503189409,1.0
0,no con,-0.19117063754986138,6.348012752733879e-06,8.0,10.0,0.005994842503189409,1.0
1,unif,-0.1706556149009533,8.88476629845458e-06,8.0,10.0,0.005994842503189409,1.0
2,snapshot,-0.1699761273747549,6.568762654427439e-06,8.0,10.0,0.005994842503189409,1.0
0,no con,-0.19117063754986138,6.348012752733879e-06,8.0,10.0,0.005994842503189409,1.0
1,unif,-0.1706556149009533,8.88476629845458e-06,8.0,10.0,0.005994842503189409,1.0
2,snapshot,-0.17301765262659727,8.464832009519012e-06,8.0,10.0,0.005994842503189409,1.0
0,no con,-0.19117063754986138,6.348012752733879e-06,8.0,10.0,0.005994842503189409,1.0
1,unif,-0.1706556149009533,8.88476629845458e-06,8.0,10.0,0.005994842503189409,1.0
2,snapshot,-0.171187607328781,9.291481913730175e-06,8.0,10.0,0.005994842503189409,1.0
0,no con,-0.19117063754986138,6.348012752733879e-06,8.0,10.0,0.005994842503189409,1.0
1,unif,-0.1706556149009533,8.88476629845458e-06,8.0,10.0,0.005994842503189409,1.0
2,snapshot,-0.1720166046920425,1.2600175431236932e-05,8.0,10.0,0.005994842503189409,1.0
0,no con,-0.19117063754986138,6.348012752733879e-06,8.0,10.0,0.005994842503189409,1.0
1,unif,-0.1706556149009533,8.88476629845458e-06,8.0,10.0,0.005994842503189409,1.0
2,snapshot,-0.17057664120073018,2.016195191626251e-05,8.0,10.0,0.005994842503189409,1.0
0,no con,-0.19117063754986138,6.348012752733879e-06,8.0,10.0,0.005994842503189409,1.0
1,unif,-0.1706556149009533,8.88476629845458e-06,8.0,10.0,0.005994842503189409,1.0
2,snapshot,-0.16296423500777502,8.469284072343146e-06,8.0,10.0,0.005994842503189409,1.0
0,no con,-0.19117063754986138,6.348012752733879e-06,8.0,10.0,0.005994842503189409,1.0
1,unif,-0.1706556149009533,8.88476629845458e-06,8.0,10.0,0.005994842503189409,1.0
2,snapshot,-0.16932851734162668,1.4818727729620176e-05,8.0,10.0,0.005994842503189409,1.0
0,no con,-0.19117063754986138,6.348012752733879e-06,8.0,10.0,0.005994842503189409,2.0
1,unif,-0.1706556149009533,8.88476629845458e-06,8.0,10.0,0.005994842503189409,2.0
2,snapshot,-0.16620694341153408,6.468636586453212e-06,8.0,10.0,0.005994842503189409,2.0
0,no con,-0.19117063754986138,6.348012752733879e-06,8.0,10.0,0.005994842503189409,2.0
1,unif,-0.1706556149009533,8.88476629845458e-06,8.0,10.0,0.005994842503189409,2.0
2,snapshot,-0.17062671895071327,1.0498463736052968e-05,8.0,10.0,0.005994842503189409,2.0
0,no con,-0.19117063754986138,6.348012752733879e-06,8.0,10.0,0.005994842503189409,2.0
1,unif,-0.1706556149009533,8.88476629845458e-06,8.0,10.0,0.005994842503189409,2.0
2,snapshot,-0.17284662294638634,1.1642798283795188e-05,8.0,10.0,0.005994842503189409,2.0
0,no con,-0.19117063754986138,6.348012752733879e-06,8.0,10.0,0.005994842503189409,2.0
1,unif,-0.1706556149009533,8.88476629845458e-06,8.0,10.0,0.005994842503189409,2.0
2,snapshot,-0.16388000811304168,1.2537351450863958e-05,8.0,10.0,0.005994842503189409,2.0
0,no con,-0.19117063754986138,6.348012752733879e-06,8.0,10.0,0.005994842503189409,2.0
1,unif,-0.1706556149009533,8.88476629845458e-06,8.0,10.0,0.005994842503189409,2.0
2,snapshot,-0.1748359137313231,1.0252160196294355e-05,8.0,10.0,0.005994842503189409,2.0
0,no con,-0.19117063754986138,6.348012752733879e-06,8.0,10.0,0.005994842503189409,2.0
1,unif,-0.1706556149009533,8.88476629845458e-06,8.0,10.0,0.005994842503189409,2.0
2,snapshot,-0.16653758366574267,1.4734608114793171e-05,8.0,10.0,0.005994842503189409,2.0
0,no con,-0.19117063754986138,6.348012752733879e-06,8.0,10.0,0.005994842503189409,2.0
1,unif,-0.1706556149009533,8.88476629845458e-06,8.0,10.0,0.005994842503189409,2.0
2,snapshot,-0.17510633493340547,1.4052873760625353e-05,8.0,10.0,0.005994842503189409,2.0
0,no con,-0.19117063754986138,6.348012752733879e-06,8.0,10.0,0.005994842503189409,2.0
1,unif,-0.1706556149009533,8.88476629845458e-06,8.0,10.0,0.005994842503189409,2.0
2,snapshot,-0.17260353593401392,1.0308306514194468e-05,8.0,10.0,0.005994842503189409,2.0
0,no con,-0.19117063754986138,6.348012752733879e-06,8.0,10.0,0.005994842503189409,2.0
1,unif,-0.1706556149009533,8.88476629845458e-06,8.0,10.0,0.005994842503189409,2.0
2,snapshot,-0.16550034480427286,9.693449497034224e-06,8.0,10.0,0.005994842503189409,2.0
0,no con,-0.19117063754986138,6.348012752733879e-06,8.0,10.0,0.005994842503189409,2.0
1,unif,-0.1706556149009533,8.88476629845458e-06,8.0,10.0,0.005994842503189409,2.0
2,snapshot,-0.17145493205327567,4.400355764858508e-06,8.0,10.0,0.005994842503189409,2.0
0,no con,-0.19117063754986138,6.348012752733879e-06,8.0,10.0,0.016681005372000592,0.0
1,unif,-0.1706556149009533,8.88476629845458e-06,8.0,10.0,0.016681005372000592,0.0
2,snapshot,-0.16347749983097828,7.608465583172176e-06,8.0,10.0,0.016681005372000592,0.0
0,no con,-0.19117063754986138,6.348012752733879e-06,8.0,10.0,0.016681005372000592,0.0
1,unif,-0.1706556149009533,8.88476629845458e-06,8.0,10.0,0.016681005372000592,0.0
2,snapshot,-0.16941297410587516,5.469371096620132e-06,8.0,10.0,0.016681005372000592,0.0
0,no con,-0.19117063754986138,6.348012752733879e-06,8.0,10.0,0.016681005372000592,0.0
1,unif,-0.1706556149009533,8.88476629845458e-06,8.0,10.0,0.016681005372000592,0.0
2,snapshot,-0.17187425461429248,8.685642324748365e-06,8.0,10.0,0.016681005372000592,0.0
0,no con,-0.19117063754986138,6.348012752733879e-06,8.0,10.0,0.016681005372000592,0.0
1,unif,-0.1706556149009533,8.88476629845458e-06,8.0,10.0,0.016681005372000592,0.0
2,snapshot,-0.1747080251504293,9.142477850462519e-06,8.0,10.0,0.016681005372000592,0.0
0,no con,-0.19117063754986138,6.348012752733879e-06,8.0,10.0,0.016681005372000592,0.0
1,unif,-0.1706556149009533,8.88476629845458e-06,8.0,10.0,0.016681005372000592,0.0
2,snapshot,-0.16888263809073087,8.878332936977079e-06,8.0,10.0,0.016681005372000592,0.0
0,no con,-0.19117063754986138,6.348012752733879e-06,8.0,10.0,0.016681005372000592,0.0
1,unif,-0.1706556149009533,8.88476629845458e-06,8.0,10.0,0.016681005372000592,0.0
2,snapshot,-0.17024333040362385,9.956681883329672e-06,8.0,10.0,0.016681005372000592,0.0
0,no con,-0.19117063754986138,6.348012752733879e-06,8.0,10.0,0.016681005372000592,0.0
1,unif,-0.1706556149009533,8.88476629845458e-06,8.0,10.0,0.016681005372000592,0.0
2,snapshot,-0.17565061861943074,1.0653060088011397e-05,8.0,10.0,0.016681005372000592,0.0
0,no con,-0.19117063754986138,6.348012752733879e-06,8.0,10.0,0.016681005372000592,0.0
1,unif,-0.1706556149009533,8.88476629845458e-06,8.0,10.0,0.016681005372000592,0.0
2,snapshot,-0.16993242512338583,3.2603830114826466e-06,8.0,10.0,0.016681005372000592,0.0
0,no con,-0.19117063754986138,6.348012752733879e-06,8.0,10.0,0.016681005372000592,0.0
1,unif,-0.1706556149009533,8.88476629845458e-06,8.0,10.0,0.016681005372000592,0.0
2,snapshot,-0.16686409979041308,8.86455622518901e-06,8.0,10.0,0.016681005372000592,0.0
0,no con,-0.19117063754986138,6.348012752733879e-06,8.0,10.0,0.016681005372000592,0.0
1,unif,-0.1706556149009533,8.88476629845458e-06,8.0,10.0,0.016681005372000592,0.0
2,snapshot,-0.16981375836657425,7.381839123007368e-06,8.0,10.0,0.016681005372000592,0.0
0,no con,-0.19117063754986138,6.348012752733879e-06,8.0,10.0,0.016681005372000592,1.0
1,unif,-0.1706556149009533,8.88476629845458e-06,8.0,10.0,0.016681005372000592,1.0
2,snapshot,-0.17272744912446758,8.690926126213026e-06,8.0,10.0,0.016681005372000592,1.0
0,no con,-0.19117063754986138,6.348012752733879e-06,8.0,10.0,0.016681005372000592,1.0
1,unif,-0.1706556149009533,8.88476629845458e-06,8.0,10.0,0.016681005372000592,1.0
2,snapshot,-0.1658079778243526,1.075359649378226e-05,8.0,10.0,0.016681005372000592,1.0
0,no con,-0.19117063754986138,6.348012752733879e-06,8.0,10.0,0.016681005372000592,1.0
1,unif,-0.1706556149009533,8.88476629845458e-06,8.0,10.0,0.016681005372000592,1.0
2,snapshot,-0.16325479007504565,1.403527644568831e-05,8.0,10.0,0.016681005372000592,1.0
0,no con,-0.19117063754986138,6.348012752733879e-06,8.0,10.0,0.016681005372000592,1.0
1,unif,-0.1706556149009533,8.88476629845458e-06,8.0,10.0,0.016681005372000592,1.0
2,snapshot,-0.17185510107497803,8.457749578658674e-06,8.0,10.0,0.016681005372000592,1.0
0,no con,-0.19117063754986138,6.348012752733879e-06,8.0,10.0,0.016681005372000592,1.0
1,unif,-0.1706556149009533,8.88476629845458e-06,8.0,10.0,0.016681005372000592,1.0
2,snapshot,-0.16820731525927932,1.1352198453034465e-05,8.0,10.0,0.016681005372000592,1.0
0,no con,-0.19117063754986138,6.348012752733879e-06,8.0,10.0,0.016681005372000592,1.0
1,unif,-0.1706556149009533,8.88476629845458e-06,8.0,10.0,0.016681005372000592,1.0
2,snapshot,-0.1687127712798323,1.1727174852395834e-05,8.0,10.0,0.016681005372000592,1.0
0,no con,-0.19117063754986138,6.348012752733879e-06,8.0,10.0,0.016681005372000592,1.0
1,unif,-0.1706556149009533,8.88476629845458e-06,8.0,10.0,0.016681005372000592,1.0
2,snapshot,-0.16970262321682103,1.0805477592072873e-05,8.0,10.0,0.016681005372000592,1.0
0,no con,-0.19117063754986138,6.348012752733879e-06,8.0,10.0,0.016681005372000592,1.0
1,unif,-0.1706556149009533,8.88476629845458e-06,8.0,10.0,0.016681005372000592,1.0
2,snapshot,-0.16453656277466025,4.851150294195781e-06,8.0,10.0,0.016681005372000592,1.0
0,no con,-0.19117063754986138,6.348012752733879e-06,8.0,10.0,0.016681005372000592,1.0
1,unif,-0.1706556149009533,8.88476629845458e-06,8.0,10.0,0.016681005372000592,1.0
2,snapshot,-0.16879856669596377,6.285418855490511e-06,8.0,10.0,0.016681005372000592,1.0
0,no con,-0.19117063754986138,6.348012752733879e-06,8.0,10.0,0.016681005372000592,1.0
1,unif,-0.1706556149009533,8.88476629845458e-06,8.0,10.0,0.016681005372000592,1.0
2,snapshot,-0.16578012980866746,9.34207369288357e-06,8.0,10.0,0.016681005372000592,1.0
0,no con,-0.19117063754986138,6.348012752733879e-06,8.0,10.0,0.016681005372000592,2.0
1,unif,-0.1706556149009533,8.88476629845458e-06,8.0,10.0,0.016681005372000592,2.0
2,snapshot,-0.16659902643499427,6.196319094130981e-06,8.0,10.0,0.016681005372000592,2.0
0,no con,-0.19117063754986138,6.348012752733879e-06,8.0,10.0,0.016681005372000592,2.0
1,unif,-0.1706556149009533,8.88476629845458e-06,8.0,10.0,0.016681005372000592,2.0
2,snapshot,-0.16810563856399163,6.388747736104875e-06,8.0,10.0,0.016681005372000592,2.0
0,no con,-0.19117063754986138,6.348012752733879e-06,8.0,10.0,0.016681005372000592,2.0
1,unif,-0.1706556149009533,8.88476629845458e-06,8.0,10.0,0.016681005372000592,2.0
2,snapshot,-0.17398851328510578,1.4776236879391965e-05,8.0,10.0,0.016681005372000592,2.0
0,no con,-0.19117063754986138,6.348012752733879e-06,8.0,10.0,0.016681005372000592,2.0
1,unif,-0.1706556149009533,8.88476629845458e-06,8.0,10.0,0.016681005372000592,2.0
2,snapshot,-0.1681340950578054,1.4773176088300046e-05,8.0,10.0,0.016681005372000592,2.0
0,no con,-0.19117063754986138,6.348012752733879e-06,8.0,10.0,0.016681005372000592,2.0
1,unif,-0.1706556149009533,8.88476629845458e-06,8.0,10.0,0.016681005372000592,2.0
2,snapshot,-0.16061736190926917,4.509261544844697e-06,8.0,10.0,0.016681005372000592,2.0
0,no con,-0.19117063754986138,6.348012752733879e-06,8.0,10.0,0.016681005372000592,2.0
1,unif,-0.1706556149009533,8.88476629845458e-06,8.0,10.0,0.016681005372000592,2.0
2,snapshot,-0.1732902102629978,6.510670808939907e-06,8.0,10.0,0.016681005372000592,2.0
0,no con,-0.19117063754986138,6.348012752733879e-06,8.0,10.0,0.016681005372000592,2.0
1,unif,-0.1706556149009533,8.88476629845458e-06,8.0,10.0,0.016681005372000592,2.0
2,snapshot,-0.16667447772293964,9.232821593896656e-06,8.0,10.0,0.016681005372000592,2.0
0,no con,-0.19117063754986138,6.348012752733879e-06,8.0,10.0,0.016681005372000592,2.0
1,unif,-0.1706556149009533,8.88476629845458e-06,8.0,10.0,0.016681005372000592,2.0
2,snapshot,-0.16242838212426478,1.56953784878362e-05,8.0,10.0,0.016681005372000592,2.0
0,no con,-0.19117063754986138,6.348012752733879e-06,8.0,10.0,0.016681005372000592,2.0
1,unif,-0.1706556149009533,8.88476629845458e-06,8.0,10.0,0.016681005372000592,2.0
2,snapshot,-0.16734007166520182,6.1863178336174965e-06,8.0,10.0,0.016681005372000592,2.0
0,no con,-0.19117063754986138,6.348012752733879e-06,8.0,10.0,0.016681005372000592,2.0
1,unif,-0.1706556149009533,8.88476629845458e-06,8.0,10.0,0.016681005372000592,2.0
2,snapshot,-0.17210197417348388,1.3282653466100746e-05,8.0,10.0,0.016681005372000592,2.0
0,no con,-0.19117063754986138,6.348012752733879e-06,8.0,10.0,0.046415888336127774,0.0
1,unif,-0.1706556149009533,8.88476629845458e-06,8.0,10.0,0.046415888336127774,0.0
2,snapshot,-0.17177099587587044,6.526537395343598e-06,8.0,10.0,0.046415888336127774,0.0
0,no con,-0.19117063754986138,6.348012752733879e-06,8.0,10.0,0.046415888336127774,0.0
1,unif,-0.1706556149009533,8.88476629845458e-06,8.0,10.0,0.046415888336127774,0.0
2,snapshot,-0.17540130484754243,1.5064853358287044e-05,8.0,10.0,0.046415888336127774,0.0
0,no con,-0.19117063754986138,6.348012752733879e-06,8.0,10.0,0.046415888336127774,0.0
1,unif,-0.1706556149009533,8.88476629845458e-06,8.0,10.0,0.046415888336127774,0.0
2,snapshot,-0.17097489689676157,4.153061401412186e-06,8.0,10.0,0.046415888336127774,0.0
0,no con,-0.19117063754986138,6.348012752733879e-06,8.0,10.0,0.046415888336127774,0.0
1,unif,-0.1706556149009533,8.88476629845458e-06,8.0,10.0,0.046415888336127774,0.0
2,snapshot,-0.17137964978703266,4.994674791277397e-06,8.0,10.0,0.046415888336127774,0.0
0,no con,-0.19117063754986138,6.348012752733879e-06,8.0,10.0,0.046415888336127774,0.0
1,unif,-0.1706556149009533,8.88476629845458e-06,8.0,10.0,0.046415888336127774,0.0
2,snapshot,-0.17184581840308294,6.168617402298311e-06,8.0,10.0,0.046415888336127774,0.0
0,no con,-0.19117063754986138,6.348012752733879e-06,8.0,10.0,0.046415888336127774,0.0
1,unif,-0.1706556149009533,8.88476629845458e-06,8.0,10.0,0.046415888336127774,0.0
2,snapshot,-0.16724410790345481,9.000450557658789e-06,8.0,10.0,0.046415888336127774,0.0
0,no con,-0.19117063754986138,6.348012752733879e-06,8.0,10.0,0.046415888336127774,0.0
1,unif,-0.1706556149009533,8.88476629845458e-06,8.0,10.0,0.046415888336127774,0.0
2,snapshot,-0.16736099655195727,5.508020979681236e-06,8.0,10.0,0.046415888336127774,0.0
0,no con,-0.19117063754986138,6.348012752733879e-06,8.0,10.0,0.046415888336127774,0.0
1,unif,-0.1706556149009533,8.88476629845458e-06,8.0,10.0,0.046415888336127774,0.0
2,snapshot,-0.17079790413089044,5.929493955681532e-06,8.0,10.0,0.046415888336127774,0.0
0,no con,-0.19117063754986138,6.348012752733879e-06,8.0,10.0,0.046415888336127774,0.0
1,unif,-0.1706556149009533,8.88476629845458e-06,8.0,10.0,0.046415888336127774,0.0
2,snapshot,-0.17266924481103374,8.916089995902043e-06,8.0,10.0,0.046415888336127774,0.0
0,no con,-0.19117063754986138,6.348012752733879e-06,8.0,10.0,0.046415888336127774,0.0
1,unif,-0.1706556149009533,8.88476629845458e-06,8.0,10.0,0.046415888336127774,0.0
2,snapshot,-0.16620041917382192,5.1559011128642945e-06,8.0,10.0,0.046415888336127774,0.0
0,no con,-0.19117063754986138,6.348012752733879e-06,8.0,10.0,0.046415888336127774,1.0
1,unif,-0.1706556149009533,8.88476629845458e-06,8.0,10.0,0.046415888336127774,1.0
2,snapshot,-0.17135798120478665,1.781386364325716e-05,8.0,10.0,0.046415888336127774,1.0
0,no con,-0.19117063754986138,6.348012752733879e-06,8.0,10.0,0.046415888336127774,1.0
1,unif,-0.1706556149009533,8.88476629845458e-06,8.0,10.0,0.046415888336127774,1.0
2,snapshot,-0.16915212629301601,4.803249236942788e-06,8.0,10.0,0.046415888336127774,1.0
0,no con,-0.19117063754986138,6.348012752733879e-06,8.0,10.0,0.046415888336127774,1.0
1,unif,-0.1706556149009533,8.88476629845458e-06,8.0,10.0,0.046415888336127774,1.0
2,snapshot,-0.17092991008045433,1.0318513052395429e-05,8.0,10.0,0.046415888336127774,1.0
0,no con,-0.19117063754986138,6.348012752733879e-06,8.0,10.0,0.046415888336127774,1.0
1,unif,-0.1706556149009533,8.88476629845458e-06,8.0,10.0,0.046415888336127774,1.0
2,snapshot,-0.1683949158271922,4.772840136443448e-06,8.0,10.0,0.046415888336127774,1.0
0,no con,-0.19117063754986138,6.348012752733879e-06,8.0,10.0,0.046415888336127774,1.0
1,unif,-0.1706556149009533,8.88476629845458e-06,8.0,10.0,0.046415888336127774,1.0
2,snapshot,-0.169804320194713,4.254484318787292e-06,8.0,10.0,0.046415888336127774,1.0
0,no con,-0.19117063754986138,6.348012752733879e-06,8.0,10.0,0.046415888336127774,1.0
1,unif,-0.1706556149009533,8.88476629845458e-06,8.0,10.0,0.046415888336127774,1.0
2,snapshot,-0.1665213305388412,6.1224844597374395e-06,8.0,10.0,0.046415888336127774,1.0
0,no con,-0.19117063754986138,6.348012752733879e-06,8.0,10.0,0.046415888336127774,1.0
1,unif,-0.1706556149009533,8.88476629845458e-06,8.0,10.0,0.046415888336127774,1.0
2,snapshot,-0.17344405381651004,8.027652684685781e-06,8.0,10.0,0.046415888336127774,1.0
0,no con,-0.19117063754986138,6.348012752733879e-06,8.0,10.0,0.046415888336127774,1.0
1,unif,-0.1706556149009533,8.88476629845458e-06,8.0,10.0,0.046415888336127774,1.0
2,snapshot,-0.174402690825502,1.1689655487183276e-05,8.0,10.0,0.046415888336127774,1.0
0,no con,-0.19117063754986138,6.348012752733879e-06,8.0,10.0,0.046415888336127774,1.0
1,unif,-0.1706556149009533,8.88476629845458e-06,8.0,10.0,0.046415888336127774,1.0
2,snapshot,-0.16596222702995064,7.1843738929517905e-06,8.0,10.0,0.046415888336127774,1.0
0,no con,-0.19117063754986138,6.348012752733879e-06,8.0,10.0,0.046415888336127774,1.0
1,unif,-0.1706556149009533,8.88476629845458e-06,8.0,10.0,0.046415888336127774,1.0
2,snapshot,-0.1719582448786424,1.7268180063117145e-05,8.0,10.0,0.046415888336127774,1.0
0,no con,-0.19117063754986138,6.348012752733879e-06,8.0,10.0,0.046415888336127774,2.0
1,unif,-0.1706556149009533,8.88476629845458e-06,8.0,10.0,0.046415888336127774,2.0
2,snapshot,-0.1708408085998242,7.348241076665932e-06,8.0,10.0,0.046415888336127774,2.0
0,no con,-0.19117063754986138,6.348012752733879e-06,8.0,10.0,0.046415888336127774,2.0
1,unif,-0.1706556149009533,8.88476629845458e-06,8.0,10.0,0.046415888336127774,2.0
2,snapshot,-0.17134738692448112,6.3767831009550235e-06,8.0,10.0,0.046415888336127774,2.0
0,no con,-0.19117063754986138,6.348012752733879e-06,8.0,10.0,0.046415888336127774,2.0
1,unif,-0.1706556149009533,8.88476629845458e-06,8.0,10.0,0.046415888336127774,2.0
2,snapshot,-0.16905086877155026,1.5311979479070984e-05,8.0,10.0,0.046415888336127774,2.0
0,no con,-0.19117063754986138,6.348012752733879e-06,8.0,10.0,0.046415888336127774,2.0
1,unif,-0.1706556149009533,8.88476629845458e-06,8.0,10.0,0.046415888336127774,2.0
2,snapshot,-0.16890316408626868,1.2681932945111135e-05,8.0,10.0,0.046415888336127774,2.0
0,no con,-0.19117063754986138,6.348012752733879e-06,8.0,10.0,0.046415888336127774,2.0
1,unif,-0.1706556149009533,8.88476629845458e-06,8.0,10.0,0.046415888336127774,2.0
2,snapshot,-0.16876384287742546,9.549781965923369e-06,8.0,10.0,0.046415888336127774,2.0
0,no con,-0.19117063754986138,6.348012752733879e-06,8.0,10.0,0.046415888336127774,2.0
1,unif,-0.1706556149009533,8.88476629845458e-06,8.0,10.0,0.046415888336127774,2.0
2,snapshot,-0.16563071462375772,7.300266032397285e-06,8.0,10.0,0.046415888336127774,2.0
0,no con,-0.19117063754986138,6.348012752733879e-06,8.0,10.0,0.046415888336127774,2.0
1,unif,-0.1706556149009533,8.88476629845458e-06,8.0,10.0,0.046415888336127774,2.0
2,snapshot,-0.17187472787505917,7.371025258881851e-06,8.0,10.0,0.046415888336127774,2.0
0,no con,-0.19117063754986138,6.348012752733879e-06,8.0,10.0,0.046415888336127774,2.0
1,unif,-0.1706556149009533,8.88476629845458e-06,8.0,10.0,0.046415888336127774,2.0
2,snapshot,-0.16504170103441285,1.150067512406842e-05,8.0,10.0,0.046415888336127774,2.0
0,no con,-0.19117063754986138,6.348012752733879e-06,8.0,10.0,0.046415888336127774,2.0
1,unif,-0.1706556149009533,8.88476629845458e-06,8.0,10.0,0.046415888336127774,2.0
2,snapshot,-0.16230947873706986,1.5463610472469e-05,8.0,10.0,0.046415888336127774,2.0
0,no con,-0.19117063754986138,6.348012752733879e-06,8.0,10.0,0.046415888336127774,2.0
1,unif,-0.1706556149009533,8.88476629845458e-06,8.0,10.0,0.046415888336127774,2.0
2,snapshot,-0.1637223581907917,8.989664151408067e-06,8.0,10.0,0.046415888336127774,2.0
0,no con,-0.19117063754986138,6.348012752733879e-06,8.0,10.0,0.12915496650148828,0.0
1,unif,-0.1706556149009533,8.88476629845458e-06,8.0,10.0,0.12915496650148828,0.0
2,snapshot,-0.1742405381651004,8.54190067191299e-06,8.0,10.0,0.12915496650148828,0.0
0,no con,-0.19117063754986138,6.348012752733879e-06,8.0,10.0,0.12915496650148828,0.0
1,unif,-0.1706556149009533,8.88476629845458e-06,8.0,10.0,0.12915496650148828,0.0
2,snapshot,-0.17324416875126766,1.072223124289599e-05,8.0,10.0,0.12915496650148828,0.0
0,no con,-0.19117063754986138,6.348012752733879e-06,8.0,10.0,0.12915496650148828,0.0
1,unif,-0.1706556149009533,8.88476629845458e-06,8.0,10.0,0.12915496650148828,0.0
2,snapshot,-0.17351978230004733,6.253718524715491e-06,8.0,10.0,0.12915496650148828,0.0
0,no con,-0.19117063754986138,6.348012752733879e-06,8.0,10.0,0.12915496650148828,0.0
1,unif,-0.1706556149009533,8.88476629845458e-06,8.0,10.0,0.12915496650148828,0.0
2,snapshot,-0.16795377594483132,7.342650018801862e-06,8.0,10.0,0.12915496650148828,0.0
0,no con,-0.19117063754986138,6.348012752733879e-06,8.0,10.0,0.12915496650148828,0.0
1,unif,-0.1706556149009533,8.88476629845458e-06,8.0,10.0,0.12915496650148828,0.0
2,snapshot,-0.16793364884051112,7.900303088781404e-06,8.0,10.0,0.12915496650148828,0.0
0,no con,-0.19117063754986138,6.348012752733879e-06,8.0,10.0,0.12915496650148828,0.0
1,unif,-0.1706556149009533,8.88476629845458e-06,8.0,10.0,0.12915496650148828,0.0
2,snapshot,-0.16982985599350958,1.2805707133640583e-05,8.0,10.0,0.12915496650148828,0.0
0,no con,-0.19117063754986138,6.348012752733879e-06,8.0,10.0,0.12915496650148828,0.0
1,unif,-0.1706556149009533,8.88476629845458e-06,8.0,10.0,0.12915496650148828,0.0
2,snapshot,-0.1750686904198499,1.2020970489646865e-05,8.0,10.0,0.12915496650148828,0.0
0,no con,-0.19117063754986138,6.348012752733879e-06,8.0,10.0,0.12915496650148828,0.0
1,unif,-0.1706556149009533,8.88476629845458e-06,8.0,10.0,0.12915496650148828,0.0
2,snapshot,-0.1695572375092962,1.0343232878860236e-05,8.0,10.0,0.12915496650148828,0.0
0,no con,-0.19117063754986138,6.348012752733879e-06,8.0,10.0,0.12915496650148828,0.0
1,unif,-0.1706556149009533,8.88476629845458e-06,8.0,10.0,0.12915496650148828,0.0
2,snapshot,-0.17207195591914,5.496481135490969e-06,8.0,10.0,0.12915496650148828,0.0
0,no con,-0.19117063754986138,6.348012752733879e-06,8.0,10.0,0.12915496650148828,0.0
1,unif,-0.1706556149009533,8.88476629845458e-06,8.0,10.0,0.12915496650148828,0.0
2,snapshot,-0.17227359204921908,6.558703093025202e-06,8.0,10.0,0.12915496650148828,0.0
0,no con,-0.19117063754986138,6.348012752733879e-06,8.0,10.0,0.12915496650148828,1.0
1,unif,-0.1706556149009533,8.88476629845458e-06,8.0,10.0,0.12915496650148828,1.0
2,snapshot,-0.1708241971469137,7.688777996947901e-06,8.0,10.0,0.12915496650148828,1.0
0,no con,-0.19117063754986138,6.348012752733879e-06,8.0,10.0,0.12915496650148828,1.0
1,unif,-0.1706556149009533,8.88476629845458e-06,8.0,10.0,0.12915496650148828,1.0
2,snapshot,-0.17513266851463727,1.0030734118684995e-05,8.0,10.0,0.12915496650148828,1.0
0,no con,-0.19117063754986138,6.348012752733879e-06,8.0,10.0,0.12915496650148828,1.0
1,unif,-0.1706556149009533,8.88476629845458e-06,8.0,10.0,0.12915496650148828,1.0
2,snapshot,-0.16145165979311743,6.590310615462031e-06,8.0,10.0,0.12915496650148828,1.0
0,no con,-0.19117063754986138,6.348012752733879e-06,8.0,10.0,0.12915496650148828,1.0
1,unif,-0.1706556149009533,8.88476629845458e-06,8.0,10.0,0.12915496650148828,1.0
2,snapshot,-0.17090845784598743,1.3771186988850472e-05,8.0,10.0,0.12915496650148828,1.0
0,no con,-0.19117063754986138,6.348012752733879e-06,8.0,10.0,0.12915496650148828,1.0
1,unif,-0.1706556149009533,8.88476629845458e-06,8.0,10.0,0.12915496650148828,1.0
2,snapshot,-0.16546074639983777,1.0526576269494367e-05,8.0,10.0,0.12915496650148828,1.0
0,no con,-0.19117063754986138,6.348012752733879e-06,8.0,10.0,0.12915496650148828,1.0
1,unif,-0.1706556149009533,8.88476629845458e-06,8.0,10.0,0.12915496650148828,1.0
2,snapshot,-0.17253283753633966,1.7910147191726695e-05,8.0,10.0,0.12915496650148828,1.0
0,no con,-0.19117063754986138,6.348012752733879e-06,8.0,10.0,0.12915496650148828,1.0
1,unif,-0.1706556149009533,8.88476629845458e-06,8.0,10.0,0.12915496650148828,1.0
2,snapshot,-0.17138441619903994,1.4155063974670792e-05,8.0,10.0,0.12915496650148828,1.0
0,no con,-0.19117063754986138,6.348012752733879e-06,8.0,10.0,0.12915496650148828,1.0
1,unif,-0.1706556149009533,8.88476629845458e-06,8.0,10.0,0.12915496650148828,1.0
2,snapshot,-0.17655209248867554,3.9552695461402105e-06,8.0,10.0,0.12915496650148828,1.0
0,no con,-0.19117063754986138,6.348012752733879e-06,8.0,10.0,0.12915496650148828,1.0
1,unif,-0.1706556149009533,8.88476629845458e-06,8.0,10.0,0.12915496650148828,1.0
2,snapshot,-0.168202690825502,1.9059001951231496e-05,8.0,10.0,0.12915496650148828,1.0
0,no con,-0.19117063754986138,6.348012752733879e-06,8.0,10.0,0.12915496650148828,1.0
1,unif,-0.1706556149009533,8.88476629845458e-06,8.0,10.0,0.12915496650148828,1.0
2,snapshot,-0.17059324589277264,1.5739983713398757e-05,8.0,10.0,0.12915496650148828,1.0
0,no con,-0.19117063754986138,6.348012752733879e-06,8.0,10.0,0.12915496650148828,2.0
1,unif,-0.1706556149009533,8.88476629845458e-06,8.0,10.0,0.12915496650148828,2.0
2,snapshot,-0.1706098911500237,8.914247573865808e-06,8.0,10.0,0.12915496650148828,2.0
0,no con,-0.19117063754986138,6.348012752733879e-06,8.0,10.0,0.12915496650148828,2.0
1,unif,-0.1706556149009533,8.88476629845458e-06,8.0,10.0,0.12915496650148828,2.0
2,snapshot,-0.17767601243999728,6.030899830609113e-06,8.0,10.0,0.12915496650148828,2.0
0,no con,-0.19117063754986138,6.348012752733879e-06,8.0,10.0,0.12915496650148828,2.0
1,unif,-0.1706556149009533,8.88476629845458e-06,8.0,10.0,0.12915496650148828,2.0
2,snapshot,-0.16470562504225542,5.6628890272699025e-06,8.0,10.0,0.12915496650148828,2.0
0,no con,-0.19117063754986138,6.348012752733879e-06,8.0,10.0,0.12915496650148828,2.0
1,unif,-0.1706556149009533,8.88476629845458e-06,8.0,10.0,0.12915496650148828,2.0
2,snapshot,-0.16665436414035562,4.673596202457296e-06,8.0,10.0,0.12915496650148828,2.0
0,no con,-0.19117063754986138,6.348012752733879e-06,8.0,10.0,0.12915496650148828,2.0
1,unif,-0.1706556149009533,8.88476629845458e-06,8.0,10.0,0.12915496650148828,2.0
2,snapshot,-0.172420397539044,4.586936307440287e-06,8.0,10.0,0.12915496650148828,2.0
0,no con,-0.19117063754986138,6.348012752733879e-06,8.0,10.0,0.12915496650148828,2.0
1,unif,-0.1706556149009533,8.88476629845458e-06,8.0,10.0,0.12915496650148828,2.0
2,snapshot,-0.1668337367317964,5.700607487831699e-06,8.0,10.0,0.12915496650148828,2.0
0,no con,-0.19117063754986138,6.348012752733879e-06,8.0,10.0,0.12915496650148828,2.0
1,unif,-0.1706556149009533,8.88476629845458e-06,8.0,10.0,0.12915496650148828,2.0
2,snapshot,-0.1655736055709553,9.44682537160811e-06,8.0,10.0,0.12915496650148828,2.0
0,no con,-0.19117063754986138,6.348012752733879e-06,8.0,10.0,0.12915496650148828,2.0
1,unif,-0.1706556149009533,8.88476629845458e-06,8.0,10.0,0.12915496650148828,2.0
2,snapshot,-0.17212725982016092,6.459672911728816e-06,8.0,10.0,0.12915496650148828,2.0
0,no con,-0.19117063754986138,6.348012752733879e-06,8.0,10.0,0.12915496650148828,2.0
1,unif,-0.1706556149009533,8.88476629845458e-06,8.0,10.0,0.12915496650148828,2.0
2,snapshot,-0.1759047731728754,7.555787611259157e-06,8.0,10.0,0.12915496650148828,2.0
0,no con,-0.19117063754986138,6.348012752733879e-06,8.0,10.0,0.12915496650148828,2.0
1,unif,-0.1706556149009533,8.88476629845458e-06,8.0,10.0,0.12915496650148828,2.0
2,snapshot,-0.16628890541545535,1.3114344170567702e-05,8.0,10.0,0.12915496650148828,2.0
0,no con,-0.19117063754986138,6.348012752733879e-06,8.0,10.0,0.3593813663804626,0.0
1,unif,-0.1706556149009533,8.88476629845458e-06,8.0,10.0,0.3593813663804626,0.0
2,snapshot,-0.17193067405854912,7.676905015415627e-06,8.0,10.0,0.3593813663804626,0.0
0,no con,-0.19117063754986138,6.348012752733879e-06,8.0,10.0,0.3593813663804626,0.0
1,unif,-0.1706556149009533,8.88476629845458e-06,8.0,10.0,0.3593813663804626,0.0
2,snapshot,-0.1717621053343249,1.438127609388384e-05,8.0,10.0,0.3593813663804626,0.0
0,no con,-0.19117063754986138,6.348012752733879e-06,8.0,10.0,0.3593813663804626,0.0
1,unif,-0.1706556149009533,8.88476629845458e-06,8.0,10.0,0.3593813663804626,0.0
2,snapshot,-0.16818148874315464,1.1395831136572167e-05,8.0,10.0,0.3593813663804626,0.0
0,no con,-0.19117063754986138,6.348012752733879e-06,8.0,10.0,0.3593813663804626,0.0
1,unif,-0.1706556149009533,8.88476629845458e-06,8.0,10.0,0.3593813663804626,0.0
2,snapshot,-0.16855940098708674,6.701962645254654e-06,8.0,10.0,0.3593813663804626,0.0
0,no con,-0.19117063754986138,6.348012752733879e-06,8.0,10.0,0.3593813663804626,0.0
1,unif,-0.1706556149009533,8.88476629845458e-06,8.0,10.0,0.3593813663804626,0.0
2,snapshot,-0.1697095125414103,1.6927115890267542e-05,8.0,10.0,0.3593813663804626,0.0
0,no con,-0.19117063754986138,6.348012752733879e-06,8.0,10.0,0.3593813663804626,0.0
1,unif,-0.1706556149009533,8.88476629845458e-06,8.0,10.0,0.3593813663804626,0.0
2,snapshot,-0.17400779528091406,1.099789627571854e-05,8.0,10.0,0.3593813663804626,0.0
0,no con,-0.19117063754986138,6.348012752733879e-06,8.0,10.0,0.3593813663804626,0.0
1,unif,-0.1706556149009533,8.88476629845458e-06,8.0,10.0,0.3593813663804626,0.0
2,snapshot,-0.16895195727131362,6.123443480921268e-06,8.0,10.0,0.3593813663804626,0.0
0,no con,-0.19117063754986138,6.348012752733879e-06,8.0,10.0,0.3593813663804626,0.0
1,unif,-0.1706556149009533,8.88476629845458e-06,8.0,10.0,0.3593813663804626,0.0
2,snapshot,-0.17349793793523088,3.6003112379038287e-06,8.0,10.0,0.3593813663804626,0.0
0,no con,-0.19117063754986138,6.348012752733879e-06,8.0,10.0,0.3593813663804626,0.0
1,unif,-0.1706556149009533,8.88476629845458e-06,8.0,10.0,0.3593813663804626,0.0
2,snapshot,-0.1608567710093976,8.457705289923048e-06,8.0,10.0,0.3593813663804626,0.0
0,no con,-0.19117063754986138,6.348012752733879e-06,8.0,10.0,0.3593813663804626,0.0
1,unif,-0.1706556149009533,8.88476629845458e-06,8.0,10.0,0.3593813663804626,0.0
2,snapshot,-0.16759949969576093,1.2506212351275873e-05,8.0,10.0,0.3593813663804626,0.0
0,no con,-0.19117063754986138,6.348012752733879e-06,8.0,10.0,0.3593813663804626,1.0
1,unif,-0.1706556149009533,8.88476629845458e-06,8.0,10.0,0.3593813663804626,1.0
2,snapshot,-0.1769807653302684,9.117683774841431e-06,8.0,10.0,0.3593813663804626,1.0
0,no con,-0.19117063754986138,6.348012752733879e-06,8.0,10.0,0.3593813663804626,1.0
1,unif,-0.1706556149009533,8.88476629845458e-06,8.0,10.0,0.3593813663804626,1.0
2,snapshot,-0.16415820431343386,8.866112337323804e-06,8.0,10.0,0.3593813663804626,1.0
0,no con,-0.19117063754986138,6.348012752733879e-06,8.0,10.0,0.3593813663804626,1.0
1,unif,-0.1706556149009533,8.88476629845458e-06,8.0,10.0,0.3593813663804626,1.0
2,snapshot,-0.159964376986005,8.223861715331261e-06,8.0,10.0,0.3593813663804626,1.0
0,no con,-0.19117063754986138,6.348012752733879e-06,8.0,10.0,0.3593813663804626,1.0
1,unif,-0.1706556149009533,8.88476629845458e-06,8.0,10.0,0.3593813663804626,1.0
2,snapshot,-0.1772866810898519,8.469434089811717e-06,8.0,10.0,0.3593813663804626,1.0
0,no con,-0.19117063754986138,6.348012752733879e-06,8.0,10.0,0.3593813663804626,1.0
1,unif,-0.1706556149009533,8.88476629845458e-06,8.0,10.0,0.3593813663804626,1.0
2,snapshot,-0.17752830775471568,1.6592132595996787e-05,8.0,10.0,0.3593813663804626,1.0
0,no con,-0.19117063754986138,6.348012752733879e-06,8.0,10.0,0.3593813663804626,1.0
1,unif,-0.1706556149009533,8.88476629845458e-06,8.0,10.0,0.3593813663804626,1.0
2,snapshot,-0.16918709350280578,9.332343646343066e-06,8.0,10.0,0.3593813663804626,1.0
0,no con,-0.19117063754986138,6.348012752733879e-06,8.0,10.0,0.3593813663804626,1.0
1,unif,-0.1706556149009533,8.88476629845458e-06,8.0,10.0,0.3593813663804626,1.0
2,snapshot,-0.1695099790413089,8.6254594501628e-06,8.0,10.0,0.3593813663804626,1.0
0,no con,-0.19117063754986138,6.348012752733879e-06,8.0,10.0,0.3593813663804626,1.0
1,unif,-0.1706556149009533,8.88476629845458e-06,8.0,10.0,0.3593813663804626,1.0
2,snapshot,-0.17492169562571835,1.1072416312076104e-05,8.0,10.0,0.3593813663804626,1.0
0,no con,-0.19117063754986138,6.348012752733879e-06,8.0,10.0,0.3593813663804626,1.0
1,unif,-0.1706556149009533,8.88476629845458e-06,8.0,10.0,0.3593813663804626,1.0
2,snapshot,-0.17337873706983975,1.0262374316666541e-05,8.0,10.0,0.3593813663804626,1.0
0,no con,-0.19117063754986138,6.348012752733879e-06,8.0,10.0,0.3593813663804626,1.0
1,unif,-0.1706556149009533,8.88476629845458e-06,8.0,10.0,0.3593813663804626,1.0
2,snapshot,-0.17505586505307283,1.2544374449419338e-05,8.0,10.0,0.3593813663804626,1.0
0,no con,-0.19117063754986138,6.348012752733879e-06,8.0,10.0,0.3593813663804626,2.0
1,unif,-0.1706556149009533,8.88476629845458e-06,8.0,10.0,0.3593813663804626,2.0
2,snapshot,-0.16826679061591507,9.035743741911813e-06,8.0,10.0,0.3593813663804626,2.0
0,no con,-0.19117063754986138,6.348012752733879e-06,8.0,10.0,0.3593813663804626,2.0
1,unif,-0.1706556149009533,8.88476629845458e-06,8.0,10.0,0.3593813663804626,2.0
2,snapshot,-0.16663422351429924,7.685059063852718e-06,8.0,10.0,0.3593813663804626,2.0
0,no con,-0.19117063754986138,6.348012752733879e-06,8.0,10.0,0.3593813663804626,2.0
1,unif,-0.1706556149009533,8.88476629845458e-06,8.0,10.0,0.3593813663804626,2.0
2,snapshot,-0.17533944290446893,3.927920466787759e-06,8.0,10.0,0.3593813663804626,2.0
0,no con,-0.19117063754986138,6.348012752733879e-06,8.0,10.0,0.3593813663804626,2.0
1,unif,-0.1706556149009533,8.88476629845458e-06,8.0,10.0,0.3593813663804626,2.0
2,snapshot,-0.17715848150902574,1.5922857689083392e-05,8.0,10.0,0.3593813663804626,2.0
0,no con,-0.19117063754986138,6.348012752733879e-06,8.0,10.0,0.3593813663804626,2.0
1,unif,-0.1706556149009533,8.88476629845458e-06,8.0,10.0,0.3593813663804626,2.0
2,snapshot,-0.1679870326549929,5.565121873740323e-06,8.0,10.0,0.3593813663804626,2.0
0,no con,-0.19117063754986138,6.348012752733879e-06,8.0,10.0,0.3593813663804626,2.0
1,unif,-0.1706556149009533,8.88476629845458e-06,8.0,10.0,0.3593813663804626,2.0
2,snapshot,-0.17341629369211006,7.297336950992279e-06,8.0,10.0,0.3593813663804626,2.0
0,no con,-0.19117063754986138,6.348012752733879e-06,8.0,10.0,0.3593813663804626,2.0
1,unif,-0.1706556149009533,8.88476629845458e-06,8.0,10.0,0.3593813663804626,2.0
2,snapshot,-0.17493861131769317,6.180700727484599e-06,8.0,10.0,0.3593813663804626,2.0
0,no con,-0.19117063754986138,6.348012752733879e-06,8.0,10.0,0.3593813663804626,2.0
1,unif,-0.1706556149009533,8.88476629845458e-06,8.0,10.0,0.3593813663804626,2.0
2,snapshot,-0.1728632073558245,7.638146062214636e-06,8.0,10.0,0.3593813663804626,2.0
0,no con,-0.19117063754986138,6.348012752733879e-06,8.0,10.0,0.3593813663804626,2.0
1,unif,-0.1706556149009533,8.88476629845458e-06,8.0,10.0,0.3593813663804626,2.0
2,snapshot,-0.17394375633831383,1.2377693711682379e-05,8.0,10.0,0.3593813663804626,2.0
0,no con,-0.19117063754986138,6.348012752733879e-06,8.0,10.0,0.3593813663804626,2.0
1,unif,-0.1706556149009533,8.88476629845458e-06,8.0,10.0,0.3593813663804626,2.0
2,snapshot,-0.17043512270975594,7.555485139543197e-06,8.0,10.0,0.3593813663804626,2.0
0,no con,-0.19117063754986138,6.348012752733879e-06,8.0,10.0,1.0,0.0
1,unif,-0.1706556149009533,8.88476629845458e-06,8.0,10.0,1.0,0.0
2,snapshot,-0.1755381448177946,1.519514420875877e-05,8.0,10.0,1.0,0.0
0,no con,-0.19117063754986138,6.348012752733879e-06,8.0,10.0,1.0,0.0
1,unif,-0.1706556149009533,8.88476629845458e-06,8.0,10.0,1.0,0.0
2,snapshot,-0.1661007234128862,6.966493752920264e-06,8.0,10.0,1.0,0.0
0,no con,-0.19117063754986138,6.348012752733879e-06,8.0,10.0,1.0,0.0
1,unif,-0.1706556149009533,8.88476629845458e-06,8.0,10.0,1.0,0.0
2,snapshot,-0.16993222229734298,5.773751144624741e-06,8.0,10.0,1.0,0.0
0,no con,-0.19117063754986138,6.348012752733879e-06,8.0,10.0,1.0,0.0
1,unif,-0.1706556149009533,8.88476629845458e-06,8.0,10.0,1.0,0.0
2,snapshot,-0.1799101413021432,9.512339707517209e-06,8.0,10.0,1.0,0.0
0,no con,-0.19117063754986138,6.348012752733879e-06,8.0,10.0,1.0,0.0
1,unif,-0.1706556149009533,8.88476629845458e-06,8.0,10.0,1.0,0.0
2,snapshot,-0.1648432357514705,1.581614154888298e-05,8.0,10.0,1.0,0.0
0,no con,-0.19117063754986138,6.348012752733879e-06,8.0,10.0,1.0,0.0
1,unif,-0.1706556149009533,8.88476629845458e-06,8.0,10.0,1.0,0.0
2,snapshot,-0.16788950713271586,8.238394078307738e-06,8.0,10.0,1.0,0.0
0,no con,-0.19117063754986138,6.348012752733879e-06,8.0,10.0,1.0,0.0
1,unif,-0.1706556149009533,8.88476629845458e-06,8.0,10.0,1.0,0.0
2,snapshot,-0.1707023730647015,5.296362379273163e-06,8.0,10.0,1.0,0.0
0,no con,-0.19117063754986138,6.348012752733879e-06,8.0,10.0,1.0,0.0
1,unif,-0.1706556149009533,8.88476629845458e-06,8.0,10.0,1.0,0.0
2,snapshot,-0.16806214589953353,1.2652007696613358e-05,8.0,10.0,1.0,0.0
0,no con,-0.19117063754986138,6.348012752733879e-06,8.0,10.0,1.0,0.0
1,unif,-0.1706556149009533,8.88476629845458e-06,8.0,10.0,1.0,0.0
2,snapshot,-0.17402140490839024,8.920964054112654e-06,8.0,10.0,1.0,0.0
0,no con,-0.19117063754986138,6.348012752733879e-06,8.0,10.0,1.0,0.0
1,unif,-0.1706556149009533,8.88476629845458e-06,8.0,10.0,1.0,0.0
2,snapshot,-0.17776761544182276,6.695206468349766e-06,8.0,10.0,1.0,0.0
0,no con,-0.19117063754986138,6.348012752733879e-06,8.0,10.0,1.0,1.0
1,unif,-0.1706556149009533,8.88476629845458e-06,8.0,10.0,1.0,1.0
2,snapshot,-0.16590993847610033,6.665233208497755e-06,8.0,10.0,1.0,1.0
0,no con,-0.19117063754986138,6.348012752733879e-06,8.0,10.0,1.0,1.0
1,unif,-0.1706556149009533,8.88476629845458e-06,8.0,10.0,1.0,1.0
2,snapshot,-0.17007803393955784,1.0099820299178038e-05,8.0,10.0,1.0,1.0
0,no con,-0.19117063754986138,6.348012752733879e-06,8.0,10.0,1.0,1.0
1,unif,-0.1706556149009533,8.88476629845458e-06,8.0,10.0,1.0,1.0
2,snapshot,-0.1688466094246501,9.638884588461845e-06,8.0,10.0,1.0,1.0
0,no con,-0.19117063754986138,6.348012752733879e-06,8.0,10.0,1.0,1.0
1,unif,-0.1706556149009533,8.88476629845458e-06,8.0,10.0,1.0,1.0
2,snapshot,-0.1745986343046447,9.271427445638722e-06,8.0,10.0,1.0,1.0
0,no con,-0.19117063754986138,6.348012752733879e-06,8.0,10.0,1.0,1.0
1,unif,-0.1706556149009533,8.88476629845458e-06,8.0,10.0,1.0,1.0
2,snapshot,-0.173431160841052,9.53561571383364e-06,8.0,10.0,1.0,1.0
0,no con,-0.19117063754986138,6.348012752733879e-06,8.0,10.0,1.0,1.0
1,unif,-0.1706556149009533,8.88476629845458e-06,8.0,10.0,1.0,1.0
2,snapshot,-0.17245442498816846,1.2980576494419015e-05,8.0,10.0,1.0,1.0
0,no con,-0.19117063754986138,6.348012752733879e-06,8.0,10.0,1.0,1.0
1,unif,-0.1706556149009533,8.88476629845458e-06,8.0,10.0,1.0,1.0
2,snapshot,-0.17305355959705226,1.3734846086495171e-05,8.0,10.0,1.0,1.0
0,no con,-0.19117063754986138,6.348012752733879e-06,8.0,10.0,1.0,1.0
1,unif,-0.1706556149009533,8.88476629845458e-06,8.0,10.0,1.0,1.0
2,snapshot,-0.16894182949090666,1.0979801083869859e-05,8.0,10.0,1.0,1.0
0,no con,-0.19117063754986138,6.348012752733879e-06,8.0,10.0,1.0,1.0
1,unif,-0.1706556149009533,8.88476629845458e-06,8.0,10.0,1.0,1.0
2,snapshot,-0.16476524913798932,1.513351229064986e-05,8.0,10.0,1.0,1.0
0,no con,-0.19117063754986138,6.348012752733879e-06,8.0,10.0,1.0,1.0
1,unif,-0.1706556149009533,8.88476629845458e-06,8.0,10.0,1.0,1.0
2,snapshot,-0.17150094652153333,1.4768172666507e-05,8.0,10.0,1.0,1.0
0,no con,-0.19117063754986138,6.348012752733879e-06,8.0,10.0,1.0,2.0
1,unif,-0.1706556149009533,8.88476629845458e-06,8.0,10.0,1.0,2.0
2,snapshot,-0.17092083023460214,1.0684791667470673e-05,8.0,10.0,1.0,2.0
0,no con,-0.19117063754986138,6.348012752733879e-06,8.0,10.0,1.0,2.0
1,unif,-0.1706556149009533,8.88476629845458e-06,8.0,10.0,1.0,2.0
2,snapshot,-0.1681123588668785,7.40468179529772e-06,8.0,10.0,1.0,2.0
0,no con,-0.19117063754986138,6.348012752733879e-06,8.0,10.0,1.0,2.0
1,unif,-0.1706556149009533,8.88476629845458e-06,8.0,10.0,1.0,2.0
2,snapshot,-0.1666569535528362,8.44337603920587e-06,8.0,10.0,1.0,2.0
0,no con,-0.19117063754986138,6.348012752733879e-06,8.0,10.0,1.0,2.0
1,unif,-0.1706556149009533,8.88476629845458e-06,8.0,10.0,1.0,2.0
2,snapshot,-0.17266107092150632,7.084904214013415e-06,8.0,10.0,1.0,2.0
0,no con,-0.19117063754986138,6.348012752733879e-06,8.0,10.0,1.0,2.0
1,unif,-0.1706556149009533,8.88476629845458e-06,8.0,10.0,1.0,2.0
2,snapshot,-0.17191151375836658,1.3420451859799767e-05,8.0,10.0,1.0,2.0
0,no con,-0.19117063754986138,6.348012752733879e-06,8.0,10.0,1.0,2.0
1,unif,-0.1706556149009533,8.88476629845458e-06,8.0,10.0,1.0,2.0
2,snapshot,-0.16642885538503144,1.0352008092613756e-05,8.0,10.0,1.0,2.0
0,no con,-0.19117063754986138,6.348012752733879e-06,8.0,10.0,1.0,2.0
1,unif,-0.1706556149009533,8.88476629845458e-06,8.0,10.0,1.0,2.0
2,snapshot,-0.17529925630450952,7.658079745842815e-06,8.0,10.0,1.0,2.0
0,no con,-0.19117063754986138,6.348012752733879e-06,8.0,10.0,1.0,2.0
1,unif,-0.1706556149009533,8.88476629845458e-06,8.0,10.0,1.0,2.0
2,snapshot,-0.172881799743087,1.3148585821977345e-05,8.0,10.0,1.0,2.0
0,no con,-0.19117063754986138,6.348012752733879e-06,8.0,10.0,1.0,2.0
1,unif,-0.1706556149009533,8.88476629845458e-06,8.0,10.0,1.0,2.0
2,snapshot,-0.16871471164897572,8.246663516654752e-06,8.0,10.0,1.0,2.0
0,no con,-0.19117063754986138,6.348012752733879e-06,8.0,10.0,1.0,2.0
1,unif,-0.1706556149009533,8.88476629845458e-06,8.0,10.0,1.0,2.0
2,snapshot,-0.17066663511594887,9.098879673332735e-06,8.0,10.0,1.0,2.0
